var salinity = [[40.000000, -12.000000, 36.149174],
[40.000000, -11.916667, 36.100345],
[40.000000, -11.833333, 36.046937],
[40.000000, -11.750000, 36.002686],
[40.000000, -11.666667, 35.972167],
[40.000000, -11.583333, 35.955382],
[40.000000, -11.500000, 35.949278],
[40.000000, -11.416667, 35.950804],
[40.000000, -11.333333, 35.958434],
[40.000000, -11.250000, 35.967589],
[40.000000, -11.166667, 35.978271],
[40.000000, -11.083333, 35.996582],
[40.000000, -11.000000, 36.028626],
[40.000000, -10.916667, 36.066774],
[40.000000, -10.833333, 36.100345],
[40.000000, -10.750000, 36.121708],
[40.000000, -10.666667, 36.127811],
[40.000000, -10.583333, 36.118656],
[40.000000, -10.500000, 36.089663],
[40.000000, -10.416667, 36.045412],
[40.000000, -10.333333, 35.998108],
[40.000000, -10.250000, 35.963012],
[40.000000, -10.166667, 35.949278],
[40.000000, -10.083333, 35.949278],
[40.000000, -10.000000, 35.937071],
[40.000000, -9.916667, 35.894345],
[40.000000, -9.833333, 35.834834],
[40.000000, -9.750000, 35.763115],
[40.000000, -9.666667, 35.686819],
[40.000000, -9.583333, 35.604419],
[40.000000, -9.500000, 35.476241],
[40.000000, -9.416667, 35.294656],
[40.000000, -9.333333, 35.142064],
[40.000000, -9.250000, 35.021516],
[40.000000, -9.166667, 34.858241],
[40.000000, -9.083333, 34.711753],
[40.000000, -9.000000, 34.830775],
[40.000000, -8.916667, 34.968108],
[39.916668, -12.000000, 36.156804],
[39.916668, -11.916667, 36.114078],
[39.916668, -11.833333, 36.066774],
[39.916668, -11.750000, 36.025574],
[39.916668, -11.666667, 35.996582],
[39.916668, -11.583333, 35.981323],
[39.916668, -11.500000, 35.978271],
[39.916668, -11.416667, 35.979797],
[39.916668, -11.333333, 35.982849],
[39.916668, -11.250000, 35.988952],
[39.916668, -11.166667, 36.014893],
[39.916668, -11.083333, 36.059145],
[39.916668, -11.000000, 36.107974],
[39.916668, -10.916667, 36.143071],
[39.916668, -10.833333, 36.161382],
[39.916668, -10.750000, 36.165960],
[39.916668, -10.666667, 36.164434],
[39.916668, -10.583333, 36.149174],
[39.916668, -10.500000, 36.115604],
[39.916668, -10.416667, 36.065249],
[39.916668, -10.333333, 36.014893],
[39.916668, -10.250000, 35.976745],
[39.916668, -10.166667, 35.959960],
[39.916668, -10.083333, 35.955382],
[39.916668, -10.000000, 35.935545],
[39.916668, -9.916667, 35.894345],
[39.916668, -9.833333, 35.836360],
[39.916668, -9.750000, 35.767693],
[39.916668, -9.666667, 35.689871],
[39.916668, -9.583333, 35.575426],
[39.916668, -9.500000, 35.389264],
[39.916668, -9.416667, 35.190893],
[39.916668, -9.333333, 35.073397],
[39.916668, -9.250000, 34.981841],
[39.916668, -9.166667, 34.821619],
[39.916668, -9.083333, 34.669027],
[39.916668, -9.000000, 34.865871],
[39.916668, -8.916667, 35.071871],
[39.833332, -12.000000, 36.143071],
[39.833332, -11.916667, 36.106449],
[39.833332, -11.833333, 36.066774],
[39.833332, -11.750000, 36.033204],
[39.833332, -11.666667, 36.010315],
[39.833332, -11.583333, 35.998108],
[39.833332, -11.500000, 35.992004],
[39.833332, -11.416667, 35.988952],
[39.833332, -11.333333, 35.992004],
[39.833332, -11.250000, 36.019471],
[39.833332, -11.166667, 36.072878],
[39.833332, -11.083333, 36.129337],
[39.833332, -11.000000, 36.162908],
[39.833332, -10.916667, 36.172063],
[39.833332, -10.833333, 36.170537],
[39.833332, -10.750000, 36.169011],
[39.833332, -10.666667, 36.165960],
[39.833332, -10.583333, 36.150700],
[39.833332, -10.500000, 36.117130],
[39.833332, -10.416667, 36.069826],
[39.833332, -10.333333, 36.020997],
[39.833332, -10.250000, 35.985900],
[39.833332, -10.166667, 35.967589],
[39.833332, -10.083333, 35.958434],
[39.833332, -10.000000, 35.938597],
[39.833332, -9.916667, 35.901975],
[39.833332, -9.833333, 35.853145],
[39.833332, -9.750000, 35.786004],
[39.833332, -9.666667, 35.682241],
[39.833332, -9.583333, 35.506760],
[39.833332, -9.500000, 35.271767],
[39.833332, -9.416667, 35.082553],
[39.833332, -9.333333, 34.968108],
[39.833332, -9.250000, 34.852138],
[39.833332, -9.166667, 34.704123],
[39.833332, -9.083333, 34.658345],
[39.833332, -9.000000, 34.803308],
[39.750000, -12.000000, 36.115604],
[39.750000, -11.916667, 36.086611],
[39.750000, -11.833333, 36.056093],
[39.750000, -11.750000, 36.030152],
[39.750000, -11.666667, 36.011841],
[39.750000, -11.583333, 35.999634],
[39.750000, -11.500000, 35.990478],
[39.750000, -11.416667, 35.993530],
[39.750000, -11.333333, 36.028626],
[39.750000, -11.250000, 36.088137],
[39.750000, -11.166667, 36.140019],
[39.750000, -11.083333, 36.164434],
[39.750000, -11.000000, 36.165960],
[39.750000, -10.916667, 36.159856],
[39.750000, -10.833333, 36.153752],
[39.750000, -10.750000, 36.150700],
[39.750000, -10.666667, 36.147649],
[39.750000, -10.583333, 36.133915],
[39.750000, -10.500000, 36.104923],
[39.750000, -10.416667, 36.062197],
[39.750000, -10.333333, 36.019471],
[39.750000, -10.250000, 35.988952],
[39.750000, -10.166667, 35.972167],
[39.750000, -10.083333, 35.963012],
[39.750000, -10.000000, 35.943175],
[39.750000, -9.916667, 35.911130],
[39.750000, -9.833333, 35.865352],
[39.750000, -9.750000, 35.792108],
[39.750000, -9.666667, 35.657826],
[39.750000, -9.583333, 35.444197],
[39.750000, -9.500000, 35.229041],
[39.750000, -9.416667, 35.076449],
[39.750000, -9.333333, 34.920804],
[39.750000, -9.250000, 34.731590],
[39.750000, -9.166667, 34.577471],
[39.750000, -9.083333, 34.720908],
[39.750000, -9.000000, 34.867397],
[39.666668, -12.000000, 36.072878],
[39.666668, -11.916667, 36.053041],
[39.666668, -11.833333, 36.031678],
[39.666668, -11.750000, 36.013367],
[39.666668, -11.666667, 35.999634],
[39.666668, -11.583333, 35.987426],
[39.666668, -11.500000, 35.985900],
[39.666668, -11.416667, 36.020997],
[39.666668, -11.333333, 36.088137],
[39.666668, -11.250000, 36.140019],
[39.666668, -11.166667, 36.158330],
[39.666668, -11.083333, 36.156804],
[39.666668, -11.000000, 36.144597],
[39.666668, -10.916667, 36.132389],
[39.666668, -10.833333, 36.124760],
[39.666668, -10.750000, 36.121708],
[39.666668, -10.666667, 36.117130],
[39.666668, -10.583333, 36.103397],
[39.666668, -10.500000, 36.078982],
[39.666668, -10.416667, 36.043886],
[39.666668, -10.333333, 36.011841],
[39.666668, -10.250000, 35.987426],
[39.666668, -10.166667, 35.976745],
[39.666668, -10.083333, 35.967589],
[39.666668, -10.000000, 35.949278],
[39.666668, -9.916667, 35.920286],
[39.666668, -9.833333, 35.871456],
[39.666668, -9.750000, 35.786004],
[39.666668, -9.666667, 35.647145],
[39.666668, -9.583333, 35.470138],
[39.666668, -9.500000, 35.268715],
[39.666668, -9.416667, 35.048982],
[39.666668, -9.333333, 34.881130],
[39.666668, -9.250000, 34.734642],
[39.666668, -9.166667, 34.638508],
[39.666668, -9.083333, 34.756004],
[39.666668, -9.000000, 34.829249],
[39.583332, -12.000000, 36.034730],
[39.583332, -11.916667, 36.022523],
[39.583332, -11.833333, 36.008789],
[39.583332, -11.750000, 35.998108],
[39.583332, -11.666667, 35.987426],
[39.583332, -11.583333, 35.979797],
[39.583332, -11.500000, 35.992004],
[39.583332, -11.416667, 36.051515],
[39.583332, -11.333333, 36.118656],
[39.583332, -11.250000, 36.152226],
[39.583332, -11.166667, 36.155278],
[39.583332, -11.083333, 36.141545],
[39.583332, -11.000000, 36.124760],
[39.583332, -10.916667, 36.107974],
[39.583332, -10.833333, 36.097293],
[39.583332, -10.750000, 36.091189],
[39.583332, -10.666667, 36.083560],
[39.583332, -10.583333, 36.071352],
[39.583332, -10.500000, 36.051515],
[39.583332, -10.416667, 36.025574],
[39.583332, -10.333333, 36.002686],
[39.583332, -10.250000, 35.985900],
[39.583332, -10.166667, 35.978271],
[39.583332, -10.083333, 35.967589],
[39.583332, -10.000000, 35.949278],
[39.583332, -9.916667, 35.927915],
[39.583332, -9.833333, 35.898923],
[39.583332, -9.750000, 35.824152],
[39.583332, -9.666667, 35.596789],
[39.583332, -9.583333, 35.232093],
[39.583332, -9.500000, 34.957427],
[39.583332, -9.416667, 34.804834],
[39.583332, -9.333333, 34.632405],
[39.583332, -9.250000, 34.559160],
[39.583332, -9.166667, 34.659871],
[39.583332, -9.083333, 34.739219],
[39.500000, -12.000000, 36.010315],
[39.500000, -11.916667, 36.004212],
[39.500000, -11.833333, 35.998108],
[39.500000, -11.750000, 35.992004],
[39.500000, -11.666667, 35.982849],
[39.500000, -11.583333, 35.976745],
[39.500000, -11.500000, 36.004212],
[39.500000, -11.416667, 36.075930],
[39.500000, -11.333333, 36.136967],
[39.500000, -11.250000, 36.156804],
[39.500000, -11.166667, 36.149174],
[39.500000, -11.083333, 36.129337],
[39.500000, -11.000000, 36.106449],
[39.500000, -10.916667, 36.088137],
[39.500000, -10.833333, 36.072878],
[39.500000, -10.750000, 36.063723],
[39.500000, -10.666667, 36.054567],
[39.500000, -10.583333, 36.043886],
[39.500000, -10.500000, 36.027100],
[39.500000, -10.416667, 36.008789],
[39.500000, -10.333333, 35.993530],
[39.500000, -10.250000, 35.985900],
[39.500000, -10.166667, 35.984374],
[39.500000, -10.083333, 35.976745],
[39.500000, -10.000000, 35.961486],
[39.500000, -9.916667, 35.906552],
[39.500000, -9.833333, 35.723441],
[39.500000, -9.750000, 35.409101],
[39.500000, -9.666667, 35.077975],
[39.500000, -9.583333, 34.891812],
[39.500000, -9.500000, 34.823145],
[39.500000, -9.416667, 34.746849],
[39.500000, -9.333333, 34.733116],
[39.500000, -9.250000, 34.833827],
[39.500000, -9.166667, 34.893338],
[39.416668, -12.000000, 36.036256],
[39.416668, -11.916667, 36.028626],
[39.416668, -11.833333, 36.020997],
[39.416668, -11.750000, 36.013367],
[39.416668, -11.666667, 35.999634],
[39.416668, -11.583333, 35.990478],
[39.416668, -11.500000, 36.034730],
[39.416668, -11.416667, 36.112552],
[39.416668, -11.333333, 36.156804],
[39.416668, -11.250000, 36.158330],
[39.416668, -11.166667, 36.138493],
[39.416668, -11.083333, 36.112552],
[39.416668, -11.000000, 36.085086],
[39.416668, -10.916667, 36.060671],
[39.416668, -10.833333, 36.045412],
[39.416668, -10.750000, 36.039308],
[39.416668, -10.666667, 36.033204],
[39.416668, -10.583333, 36.024049],
[39.416668, -10.500000, 36.013367],
[39.416668, -10.416667, 36.004212],
[39.416668, -10.333333, 35.996582],
[39.416668, -10.250000, 35.982849],
[39.416668, -10.166667, 35.946226],
[39.416668, -10.083333, 35.872982],
[39.416668, -10.000000, 35.743278],
[39.416668, -9.916667, 35.549486],
[39.416668, -9.833333, 35.322123],
[39.416668, -9.750000, 35.137486],
[39.416668, -9.666667, 35.033723],
[39.416668, -9.583333, 35.018464],
[39.416668, -9.500000, 35.009308],
[39.416668, -9.416667, 34.969634],
[39.416668, -9.333333, 35.010834],
[39.416668, -9.250000, 35.064241],
[39.416668, -9.166667, 35.035249],
[39.333332, -12.000000, 36.124760],
[39.333332, -11.916667, 36.106449],
[39.333332, -11.833333, 36.089663],
[39.333332, -11.750000, 36.071352],
[39.333332, -11.666667, 36.043886],
[39.333332, -11.583333, 36.030152],
[39.333332, -11.500000, 36.083560],
[39.333332, -11.416667, 36.150700],
[39.333332, -11.333333, 36.170537],
[39.333332, -11.250000, 36.155278],
[39.333332, -11.166667, 36.127811],
[39.333332, -11.083333, 36.095767],
[39.333332, -11.000000, 36.056093],
[39.333332, -10.916667, 36.014893],
[39.333332, -10.833333, 35.988952],
[39.333332, -10.750000, 35.992004],
[39.333332, -10.666667, 36.013367],
[39.333332, -10.583333, 36.024049],
[39.333332, -10.500000, 36.019471],
[39.333332, -10.416667, 35.996582],
[39.333332, -10.333333, 35.944700],
[39.333332, -10.250000, 35.839412],
[39.333332, -10.166667, 35.682241],
[39.333332, -10.083333, 35.520493],
[39.333332, -10.000000, 35.404523],
[39.333332, -9.916667, 35.322123],
[39.333332, -9.833333, 35.248878],
[39.333332, -9.750000, 35.218360],
[39.333332, -9.666667, 35.212256],
[39.333332, -9.583333, 35.160375],
[39.333332, -9.500000, 35.082553],
[39.333332, -9.416667, 35.134434],
[39.333332, -9.333333, 35.195471],
[39.250000, -12.000000, 36.242256],
[39.250000, -11.916667, 36.213263],
[39.250000, -11.833333, 36.181219],
[39.250000, -11.750000, 36.146123],
[39.250000, -11.666667, 36.100345],
[39.250000, -11.583333, 36.085086],
[39.250000, -11.500000, 36.136967],
[39.250000, -11.416667, 36.179693],
[39.250000, -11.333333, 36.176641],
[39.250000, -11.250000, 36.150700],
[39.250000, -11.166667, 36.118656],
[39.250000, -11.083333, 36.071352],
[39.250000, -11.000000, 35.996582],
[39.250000, -10.916667, 35.892819],
[39.250000, -10.833333, 35.808893],
[39.250000, -10.750000, 35.807367],
[39.250000, -10.666667, 35.876034],
[39.250000, -10.583333, 35.946226],
[39.250000, -10.500000, 35.973693],
[39.250000, -10.416667, 35.953856],
[39.250000, -10.333333, 35.886715],
[39.250000, -10.250000, 35.760063],
[39.250000, -10.166667, 35.567797],
[39.250000, -10.083333, 35.360271],
[39.250000, -10.000000, 35.210730],
[39.250000, -9.916667, 35.154271],
[39.250000, -9.833333, 35.160375],
[39.250000, -9.750000, 35.168004],
[39.250000, -9.666667, 35.140538],
[39.250000, -9.583333, 34.986419],
[39.250000, -9.500000, 34.942167],
[39.250000, -9.416667, 35.108493],
[39.166668, -12.000000, 36.336863],
[39.166668, -11.916667, 36.301767],
[39.166668, -11.833333, 36.255989],
[39.166668, -11.750000, 36.204108],
[39.166668, -11.666667, 36.155278],
[39.166668, -11.583333, 36.161382],
[39.166668, -11.500000, 36.198004],
[39.166668, -11.416667, 36.201056],
[39.166668, -11.333333, 36.175115],
[39.166668, -11.250000, 36.144597],
[39.166668, -11.166667, 36.104923],
[39.166668, -11.083333, 36.025574],
[39.166668, -11.000000, 35.876034],
[39.166668, -10.916667, 35.679189],
[39.166668, -10.833333, 35.546434],
[39.166668, -10.750000, 35.538804],
[39.166668, -10.666667, 35.605945],
[39.166668, -10.583333, 35.689871],
[39.166668, -10.500000, 35.747856],
[39.166668, -10.416667, 35.764641],
[39.166668, -10.333333, 35.735649],
[39.166668, -10.250000, 35.662404],
[39.166668, -10.166667, 35.543382],
[39.166668, -10.083333, 35.406049],
[39.166668, -10.000000, 35.273293],
[39.166668, -9.916667, 35.149693],
[39.166668, -9.833333, 35.074923],
[39.166668, -9.750000, 35.026093],
[39.166668, -9.666667, 34.958953],
[39.166668, -9.583333, 34.813990],
[39.166668, -9.500000, 34.838404],
[39.166668, -9.416667, 35.044404],
[39.083332, -12.000000, 36.385693],
[39.083332, -11.916667, 36.352123],
[39.083332, -11.833333, 36.303293],
[39.083332, -11.750000, 36.254463],
[39.083332, -11.666667, 36.228523],
[39.083332, -11.583333, 36.237678],
[39.083332, -11.500000, 36.231574],
[39.083332, -11.416667, 36.202582],
[39.083332, -11.333333, 36.170537],
[39.083332, -11.250000, 36.143071],
[39.083332, -11.166667, 36.098819],
[39.083332, -11.083333, 35.998108],
[39.083332, -11.000000, 35.808893],
[39.083332, -10.916667, 35.590686],
[39.083332, -10.833333, 35.464034],
[39.083332, -10.750000, 35.428938],
[39.083332, -10.666667, 35.427412],
[39.083332, -10.583333, 35.431989],
[39.083332, -10.500000, 35.436567],
[39.083332, -10.416667, 35.435041],
[39.083332, -10.333333, 35.415204],
[39.083332, -10.250000, 35.369427],
[39.083332, -10.166667, 35.303812],
[39.083332, -10.083333, 35.239723],
[39.083332, -10.000000, 35.190893],
[39.083332, -9.916667, 35.123753],
[39.083332, -9.833333, 35.032197],
[39.083332, -9.750000, 34.940641],
[39.083332, -9.666667, 34.867397],
[39.083332, -9.583333, 34.795679],
[39.083332, -9.500000, 34.992523],
[39.083332, -9.416667, 35.312967],
[39.000000, -12.000000, 36.397900],
[39.000000, -11.916667, 36.385693],
[39.000000, -11.833333, 36.353648],
[39.000000, -11.750000, 36.313974],
[39.000000, -11.666667, 36.289560],
[39.000000, -11.583333, 36.265145],
[39.000000, -11.500000, 36.228523],
[39.000000, -11.416667, 36.193426],
[39.000000, -11.333333, 36.167486],
[39.000000, -11.250000, 36.146123],
[39.000000, -11.166667, 36.112552],
[39.000000, -11.083333, 36.039308],
[39.000000, -11.000000, 35.900449],
[39.000000, -10.916667, 35.732597],
[39.000000, -10.833333, 35.619678],
[39.000000, -10.750000, 35.566271],
[39.000000, -10.666667, 35.525071],
[39.000000, -10.583333, 35.477767],
[39.000000, -10.500000, 35.435041],
[39.000000, -10.416667, 35.401471],
[39.000000, -10.333333, 35.374004],
[39.000000, -10.250000, 35.335856],
[39.000000, -10.166667, 35.270241],
[39.000000, -10.083333, 35.183264],
[39.000000, -10.000000, 35.119175],
[39.000000, -9.916667, 35.059664],
[39.000000, -9.833333, 34.990997],
[39.000000, -9.750000, 34.926908],
[39.000000, -9.666667, 34.881130],
[39.000000, -9.583333, 34.800256],
[39.000000, -9.500000, 35.019990],
[39.000000, -9.416667, 35.267190],
[38.916668, -12.000000, 36.359752],
[38.916668, -11.916667, 36.371960],
[38.916668, -11.833333, 36.364330],
[38.916668, -11.750000, 36.332285],
[38.916668, -11.666667, 36.289560],
[38.916668, -11.583333, 36.246834],
[38.916668, -11.500000, 36.210211],
[38.916668, -11.416667, 36.185797],
[38.916668, -11.333333, 36.175115],
[38.916668, -11.250000, 36.162908],
[38.916668, -11.166667, 36.135441],
[38.916668, -11.083333, 36.088137],
[38.916668, -11.000000, 36.017945],
[38.916668, -10.916667, 35.929441],
[38.916668, -10.833333, 35.859249],
[38.916668, -10.750000, 35.822626],
[38.916668, -10.666667, 35.799738],
[38.916668, -10.583333, 35.767693],
[38.916668, -10.500000, 35.723441],
[38.916668, -10.416667, 35.673086],
[38.916668, -10.333333, 35.622730],
[38.916668, -10.250000, 35.551012],
[38.916668, -10.166667, 35.419782],
[38.916668, -10.083333, 35.261086],
[38.916668, -10.000000, 35.168004],
[38.916668, -9.916667, 35.094760],
[38.916668, -9.833333, 35.016938],
[38.916668, -9.750000, 34.933012],
[38.916668, -9.666667, 34.815516],
[38.916668, -9.583333, 34.809412],
[38.916668, -9.500000, 35.010834],
[38.833332, -12.000000, 36.306345],
[38.833332, -11.916667, 36.321604],
[38.833332, -11.833333, 36.318552],
[38.833332, -11.750000, 36.288034],
[38.833332, -11.666667, 36.248360],
[38.833332, -11.583333, 36.217841],
[38.833332, -11.500000, 36.201056],
[38.833332, -11.416667, 36.201056],
[38.833332, -11.333333, 36.205634],
[38.833332, -11.250000, 36.191900],
[38.833332, -11.166667, 36.158330],
[38.833332, -11.083333, 36.120182],
[38.833332, -11.000000, 36.085086],
[38.833332, -10.916667, 36.049989],
[38.833332, -10.833333, 36.022523],
[38.833332, -10.750000, 36.008789],
[38.833332, -10.666667, 36.007263],
[38.833332, -10.583333, 36.008789],
[38.833332, -10.500000, 36.004212],
[38.833332, -10.416667, 35.979797],
[38.833332, -10.333333, 35.935545],
[38.833332, -10.250000, 35.851619],
[38.833332, -10.166667, 35.613575],
[38.833332, -10.083333, 35.312967],
[38.833332, -10.000000, 35.145115],
[38.833332, -9.916667, 35.048982],
[38.833332, -9.833333, 34.974212],
[38.833332, -9.750000, 34.911649],
[38.833332, -9.666667, 34.841456],
[38.833332, -9.583333, 34.940641],
[38.833332, -9.500000, 35.139012],
[38.750000, -12.000000, 36.274300],
[38.750000, -11.916667, 36.278878],
[38.750000, -11.833333, 36.269723],
[38.750000, -11.750000, 36.243782],
[38.750000, -11.666667, 36.220893],
[38.750000, -11.583333, 36.211737],
[38.750000, -11.500000, 36.219367],
[38.750000, -11.416667, 36.237678],
[38.750000, -11.333333, 36.245308],
[38.750000, -11.250000, 36.230048],
[38.750000, -11.166667, 36.201056],
[38.750000, -11.083333, 36.175115],
[38.750000, -11.000000, 36.153752],
[38.750000, -10.916667, 36.140019],
[38.750000, -10.833333, 36.133915],
[38.750000, -10.750000, 36.136967],
[38.750000, -10.666667, 36.147649],
[38.750000, -10.583333, 36.161382],
[38.750000, -10.500000, 36.172063],
[38.750000, -10.416667, 36.167486],
[38.750000, -10.333333, 36.141545],
[38.750000, -10.250000, 36.098819],
[38.750000, -10.166667, 35.964537],
[38.750000, -10.083333, 35.602893],
[38.750000, -10.000000, 35.273293],
[38.750000, -9.916667, 35.102390],
[38.750000, -9.833333, 35.013886],
[38.750000, -9.750000, 34.984893],
[38.750000, -9.666667, 34.984893],
[38.750000, -9.583333, 35.132908],
[38.750000, -9.500000, 35.267190],
[38.666668, -12.000000, 36.251411],
[38.666668, -11.916667, 36.249886],
[38.666668, -11.833333, 36.239204],
[38.666668, -11.750000, 36.223945],
[38.666668, -11.666667, 36.217841],
[38.666668, -11.583333, 36.223945],
[38.666668, -11.500000, 36.243782],
[38.666668, -11.416667, 36.262093],
[38.666668, -11.333333, 36.269723],
[38.666668, -11.250000, 36.260567],
[38.666668, -11.166667, 36.248360],
[38.666668, -11.083333, 36.237678],
[38.666668, -11.000000, 36.230048],
[38.666668, -10.916667, 36.226997],
[38.666668, -10.833333, 36.230048],
[38.666668, -10.750000, 36.236152],
[38.666668, -10.666667, 36.248360],
[38.666668, -10.583333, 36.260567],
[38.666668, -10.500000, 36.272774],
[38.666668, -10.416667, 36.281930],
[38.666668, -10.333333, 36.280404],
[38.666668, -10.250000, 36.255989],
[38.666668, -10.166667, 36.219367],
[38.666668, -10.083333, 36.048463],
[38.666668, -10.000000, 35.723441],
[38.666668, -9.916667, 35.395367],
[38.666668, -9.833333, 35.151219],
[38.666668, -9.750000, 35.052034],
[38.666668, -9.666667, 35.082553],
[38.666668, -9.583333, 35.209204],
[38.666668, -9.500000, 35.224464],
[38.666668, -9.416667, 35.128330],
[38.666668, -9.333333, 34.989471],
[38.666668, -9.250000, 35.041353],
[38.583332, -12.000000, 36.237678],
[38.583332, -11.916667, 36.230048],
[38.583332, -11.833333, 36.222419],
[38.583332, -11.750000, 36.216315],
[38.583332, -11.666667, 36.216315],
[38.583332, -11.583333, 36.223945],
[38.583332, -11.500000, 36.237678],
[38.583332, -11.416667, 36.251411],
[38.583332, -11.333333, 36.260567],
[38.583332, -11.250000, 36.263619],
[38.583332, -11.166667, 36.259041],
[38.583332, -11.083333, 36.254463],
[38.583332, -11.000000, 36.248360],
[38.583332, -10.916667, 36.243782],
[38.583332, -10.833333, 36.240730],
[38.583332, -10.750000, 36.239204],
[38.583332, -10.666667, 36.240730],
[38.583332, -10.583333, 36.243782],
[38.583332, -10.500000, 36.254463],
[38.583332, -10.416667, 36.277352],
[38.583332, -10.333333, 36.304819],
[38.583332, -10.250000, 36.323130],
[38.583332, -10.166667, 36.321604],
[38.583332, -10.083333, 36.269723],
[38.583332, -10.000000, 36.111026],
[38.583332, -9.916667, 35.778375],
[38.583332, -9.833333, 35.395367],
[38.583332, -9.750000, 35.140538],
[38.583332, -9.666667, 35.099338],
[38.583332, -9.583333, 35.190893],
[38.583332, -9.500000, 35.296182],
[38.583332, -9.416667, 35.155797],
[38.583332, -9.333333, 34.937590],
[38.583332, -9.250000, 34.905545],
[38.500000, -12.000000, 36.245308],
[38.500000, -11.916667, 36.231574],
[38.500000, -11.833333, 36.223945],
[38.500000, -11.750000, 36.219367],
[38.500000, -11.666667, 36.220893],
[38.500000, -11.583333, 36.226997],
[38.500000, -11.500000, 36.234626],
[38.500000, -11.416667, 36.240730],
[38.500000, -11.333333, 36.245308],
[38.500000, -11.250000, 36.248360],
[38.500000, -11.166667, 36.248360],
[38.500000, -11.083333, 36.245308],
[38.500000, -11.000000, 36.240730],
[38.500000, -10.916667, 36.236152],
[38.500000, -10.833333, 36.228523],
[38.500000, -10.750000, 36.220893],
[38.500000, -10.666667, 36.213263],
[38.500000, -10.583333, 36.207160],
[38.500000, -10.500000, 36.205634],
[38.500000, -10.416667, 36.216315],
[38.500000, -10.333333, 36.249886],
[38.500000, -10.250000, 36.300241],
[38.500000, -10.166667, 36.341441],
[38.500000, -10.083333, 36.355174],
[38.500000, -10.000000, 36.326182],
[38.500000, -9.916667, 36.162908],
[38.500000, -9.833333, 35.723441],
[38.500000, -9.750000, 35.317545],
[38.500000, -9.666667, 35.163427],
[38.500000, -9.583333, 35.172582],
[38.500000, -9.500000, 35.259560],
[38.500000, -9.416667, 35.161901],
[38.500000, -9.333333, 34.984893],
[38.500000, -9.250000, 35.027619],
[38.416668, -12.000000, 36.262093],
[38.416668, -11.916667, 36.251411],
[38.416668, -11.833333, 36.243782],
[38.416668, -11.750000, 36.239204],
[38.416668, -11.666667, 36.240730],
[38.416668, -11.583333, 36.245308],
[38.416668, -11.500000, 36.252937],
[38.416668, -11.416667, 36.257515],
[38.416668, -11.333333, 36.260567],
[38.416668, -11.250000, 36.262093],
[38.416668, -11.166667, 36.260567],
[38.416668, -11.083333, 36.259041],
[38.416668, -11.000000, 36.255989],
[38.416668, -10.916667, 36.251411],
[38.416668, -10.833333, 36.245308],
[38.416668, -10.750000, 36.239204],
[38.416668, -10.666667, 36.230048],
[38.416668, -10.583333, 36.219367],
[38.416668, -10.500000, 36.208686],
[38.416668, -10.416667, 36.199530],
[38.416668, -10.333333, 36.204108],
[38.416668, -10.250000, 36.243782],
[38.416668, -10.166667, 36.304819],
[38.416668, -10.083333, 36.349071],
[38.416668, -10.000000, 36.370434],
[38.416668, -9.916667, 36.344493],
[38.416668, -9.833333, 36.111026],
[38.416668, -9.750000, 35.634938],
[38.416668, -9.666667, 35.340434],
[38.416668, -9.583333, 35.233619],
[38.416668, -9.500000, 35.241249],
[38.416668, -9.416667, 35.297708],
[38.416668, -9.333333, 35.091708],
[38.416668, -9.250000, 34.974212],
[38.416668, -9.166667, 34.965056],
[38.416668, -9.083333, 34.995575],
[38.416668, -9.000000, 35.424360],
[38.416668, -8.916667, 35.712760],
[38.333332, -12.000000, 36.277352],
[38.333332, -11.916667, 36.272774],
[38.333332, -11.833333, 36.268197],
[38.333332, -11.750000, 36.266671],
[38.333332, -11.666667, 36.266671],
[38.333332, -11.583333, 36.269723],
[38.333332, -11.500000, 36.272774],
[38.333332, -11.416667, 36.275826],
[38.333332, -11.333333, 36.278878],
[38.333332, -11.250000, 36.278878],
[38.333332, -11.166667, 36.278878],
[38.333332, -11.083333, 36.277352],
[38.333332, -11.000000, 36.275826],
[38.333332, -10.916667, 36.272774],
[38.333332, -10.833333, 36.268197],
[38.333332, -10.750000, 36.262093],
[38.333332, -10.666667, 36.254463],
[38.333332, -10.583333, 36.243782],
[38.333332, -10.500000, 36.230048],
[38.333332, -10.416667, 36.214789],
[38.333332, -10.333333, 36.202582],
[38.333332, -10.250000, 36.217841],
[38.333332, -10.166667, 36.269723],
[38.333332, -10.083333, 36.320078],
[38.333332, -10.000000, 36.350597],
[38.333332, -9.916667, 36.349071],
[38.333332, -9.833333, 36.245308],
[38.333332, -9.750000, 35.930967],
[38.333332, -9.666667, 35.631886],
[38.333332, -9.583333, 35.416730],
[38.333332, -9.500000, 35.311441],
[38.333332, -9.416667, 35.349589],
[38.333332, -9.333333, 35.294656],
[38.333332, -9.250000, 35.190893],
[38.333332, -9.166667, 34.969634],
[38.333332, -9.083333, 34.946745],
[38.333332, -9.000000, 35.332804],
[38.333332, -8.916667, 35.608997],
[38.333332, -8.833333, 35.773797],
[38.250000, -12.000000, 36.280404],
[38.250000, -11.916667, 36.278878],
[38.250000, -11.833333, 36.278878],
[38.250000, -11.750000, 36.280404],
[38.250000, -11.666667, 36.281930],
[38.250000, -11.583333, 36.281930],
[38.250000, -11.500000, 36.281930],
[38.250000, -11.416667, 36.280404],
[38.250000, -11.333333, 36.280404],
[38.250000, -11.250000, 36.278878],
[38.250000, -11.166667, 36.278878],
[38.250000, -11.083333, 36.277352],
[38.250000, -11.000000, 36.275826],
[38.250000, -10.916667, 36.274300],
[38.250000, -10.833333, 36.272774],
[38.250000, -10.750000, 36.268197],
[38.250000, -10.666667, 36.263619],
[38.250000, -10.583333, 36.254463],
[38.250000, -10.500000, 36.243782],
[38.250000, -10.416667, 36.228523],
[38.250000, -10.333333, 36.211737],
[38.250000, -10.250000, 36.214789],
[38.250000, -10.166667, 36.246834],
[38.250000, -10.083333, 36.289560],
[38.250000, -10.000000, 36.324656],
[38.250000, -9.916667, 36.346019],
[38.250000, -9.833333, 36.303293],
[38.250000, -9.750000, 36.080508],
[38.250000, -9.666667, 35.818049],
[38.250000, -9.583333, 35.589160],
[38.250000, -9.500000, 35.438093],
[38.250000, -9.416667, 35.439619],
[38.250000, -9.333333, 35.402997],
[38.250000, -9.250000, 35.334330],
[38.250000, -9.166667, 35.203101],
[38.250000, -9.083333, 35.196997],
[38.250000, -9.000000, 35.447249],
[38.250000, -8.916667, 35.662404],
[38.250000, -8.833333, 35.796686],
[38.166668, -12.000000, 36.280404],
[38.166668, -11.916667, 36.286508],
[38.166668, -11.833333, 36.295663],
[38.166668, -11.750000, 36.304819],
[38.166668, -11.666667, 36.309397],
[38.166668, -11.583333, 36.307871],
[38.166668, -11.500000, 36.300241],
[38.166668, -11.416667, 36.291086],
[38.166668, -11.333333, 36.280404],
[38.166668, -11.250000, 36.272774],
[38.166668, -11.166667, 36.266671],
[38.166668, -11.083333, 36.263619],
[38.166668, -11.000000, 36.262093],
[38.166668, -10.916667, 36.260567],
[38.166668, -10.833333, 36.259041],
[38.166668, -10.750000, 36.257515],
[38.166668, -10.666667, 36.254463],
[38.166668, -10.583333, 36.248360],
[38.166668, -10.500000, 36.242256],
[38.166668, -10.416667, 36.231574],
[38.166668, -10.333333, 36.219367],
[38.166668, -10.250000, 36.219367],
[38.166668, -10.166667, 36.237678],
[38.166668, -10.083333, 36.268197],
[38.166668, -10.000000, 36.301767],
[38.166668, -9.916667, 36.330760],
[38.166668, -9.833333, 36.352123],
[38.166668, -9.750000, 36.307871],
[38.166668, -9.666667, 36.114078],
[38.166668, -9.583333, 35.848567],
[38.166668, -9.500000, 35.651723],
[38.166668, -9.416667, 35.599841],
[38.166668, -9.333333, 35.523545],
[38.166668, -9.250000, 35.421308],
[38.166668, -9.166667, 35.316019],
[38.166668, -9.083333, 35.374004],
[38.166668, -9.000000, 35.581530],
[38.166668, -8.916667, 35.721915],
[38.166668, -8.833333, 35.818049],
[38.083332, -12.000000, 36.294137],
[38.083332, -11.916667, 36.310923],
[38.083332, -11.833333, 36.330760],
[38.083332, -11.750000, 36.346019],
[38.083332, -11.666667, 36.353648],
[38.083332, -11.583333, 36.352123],
[38.083332, -11.500000, 36.341441],
[38.083332, -11.416667, 36.324656],
[38.083332, -11.333333, 36.303293],
[38.083332, -11.250000, 36.286508],
[38.083332, -11.166667, 36.274300],
[38.083332, -11.083333, 36.269723],
[38.083332, -11.000000, 36.269723],
[38.083332, -10.916667, 36.271248],
[38.083332, -10.833333, 36.272774],
[38.083332, -10.750000, 36.272774],
[38.083332, -10.666667, 36.269723],
[38.083332, -10.583333, 36.265145],
[38.083332, -10.500000, 36.257515],
[38.083332, -10.416667, 36.248360],
[38.083332, -10.333333, 36.239204],
[38.083332, -10.250000, 36.237678],
[38.083332, -10.166667, 36.249886],
[38.083332, -10.083333, 36.277352],
[38.083332, -10.000000, 36.310923],
[38.083332, -9.916667, 36.339915],
[38.083332, -9.833333, 36.362804],
[38.083332, -9.750000, 36.379589],
[38.083332, -9.666667, 36.358226],
[38.083332, -9.583333, 36.167486],
[38.083332, -9.500000, 35.920286],
[38.083332, -9.416667, 35.773797],
[38.083332, -9.333333, 35.608997],
[38.083332, -9.250000, 35.460982],
[38.083332, -9.166667, 35.410627],
[38.083332, -9.083333, 35.552538],
[38.083332, -9.000000, 35.689871],
[38.083332, -8.916667, 35.761589],
[38.083332, -8.833333, 35.830256],
[38.000000, -12.000000, 36.312448],
[38.000000, -11.916667, 36.335337],
[38.000000, -11.833333, 36.359752],
[38.000000, -11.750000, 36.381115],
[38.000000, -11.666667, 36.393323],
[38.000000, -11.583333, 36.393323],
[38.000000, -11.500000, 36.381115],
[38.000000, -11.416667, 36.361278],
[38.000000, -11.333333, 36.338389],
[38.000000, -11.250000, 36.318552],
[38.000000, -11.166667, 36.306345],
[38.000000, -11.083333, 36.306345],
[38.000000, -11.000000, 36.312448],
[38.000000, -10.916667, 36.323130],
[38.000000, -10.833333, 36.330760],
[38.000000, -10.750000, 36.335337],
[38.000000, -10.666667, 36.336863],
[38.000000, -10.583333, 36.333811],
[38.000000, -10.500000, 36.327708],
[38.000000, -10.416667, 36.320078],
[38.000000, -10.333333, 36.309397],
[38.000000, -10.250000, 36.303293],
[38.000000, -10.166667, 36.306345],
[38.000000, -10.083333, 36.326182],
[38.000000, -10.000000, 36.352123],
[38.000000, -9.916667, 36.375011],
[38.000000, -9.833333, 36.396374],
[38.000000, -9.750000, 36.404004],
[38.000000, -9.666667, 36.408582],
[38.000000, -9.583333, 36.327708],
[38.000000, -9.500000, 36.077456],
[38.000000, -9.416667, 35.840937],
[38.000000, -9.333333, 35.607471],
[38.000000, -9.250000, 35.479293],
[38.000000, -9.166667, 35.518967],
[38.000000, -9.083333, 35.692923],
[38.000000, -9.000000, 35.737175],
[38.000000, -8.916667, 35.784478],
[38.000000, -8.833333, 35.857723],
[37.916668, -12.000000, 36.320078],
[37.916668, -11.916667, 36.344493],
[37.916668, -11.833333, 36.370434],
[37.916668, -11.750000, 36.394848],
[37.916668, -11.666667, 36.408582],
[37.916668, -11.583333, 36.408582],
[37.916668, -11.500000, 36.397900],
[37.916668, -11.416667, 36.382641],
[37.916668, -11.333333, 36.362804],
[37.916668, -11.250000, 36.350597],
[37.916668, -11.166667, 36.349071],
[37.916668, -11.083333, 36.358226],
[37.916668, -11.000000, 36.370434],
[37.916668, -10.916667, 36.384167],
[37.916668, -10.833333, 36.393323],
[37.916668, -10.750000, 36.399426],
[37.916668, -10.666667, 36.402478],
[37.916668, -10.583333, 36.405530],
[37.916668, -10.500000, 36.407056],
[37.916668, -10.416667, 36.407056],
[37.916668, -10.333333, 36.402478],
[37.916668, -10.250000, 36.399426],
[37.916668, -10.166667, 36.397900],
[37.916668, -10.083333, 36.404004],
[37.916668, -10.000000, 36.414685],
[37.916668, -9.916667, 36.423841],
[37.916668, -9.833333, 36.434523],
[37.916668, -9.750000, 36.432997],
[37.916668, -9.666667, 36.428419],
[37.916668, -9.583333, 36.375011],
[37.916668, -9.500000, 36.111026],
[37.916668, -9.416667, 35.804315],
[37.916668, -9.333333, 35.578478],
[37.916668, -9.250000, 35.528123],
[37.916668, -9.166667, 35.639515],
[37.916668, -9.083333, 35.764641],
[37.916668, -9.000000, 35.755486],
[37.916668, -8.916667, 35.798212],
[37.916668, -8.833333, 35.865352],
[37.833332, -12.000000, 36.321604],
[37.833332, -11.916667, 36.346019],
[37.833332, -11.833333, 36.371960],
[37.833332, -11.750000, 36.397900],
[37.833332, -11.666667, 36.407056],
[37.833332, -11.583333, 36.402478],
[37.833332, -11.500000, 36.394848],
[37.833332, -11.416667, 36.384167],
[37.833332, -11.333333, 36.375011],
[37.833332, -11.250000, 36.376537],
[37.833332, -11.166667, 36.382641],
[37.833332, -11.083333, 36.393323],
[37.833332, -11.000000, 36.404004],
[37.833332, -10.916667, 36.411634],
[37.833332, -10.833333, 36.417737],
[37.833332, -10.750000, 36.423841],
[37.833332, -10.666667, 36.429945],
[37.833332, -10.583333, 36.432997],
[37.833332, -10.500000, 36.437574],
[37.833332, -10.416667, 36.440626],
[37.833332, -10.333333, 36.445204],
[37.833332, -10.250000, 36.449782],
[37.833332, -10.166667, 36.451308],
[37.833332, -10.083333, 36.455885],
[37.833332, -10.000000, 36.461989],
[37.833332, -9.916667, 36.465041],
[37.833332, -9.833333, 36.469619],
[37.833332, -9.750000, 36.460463],
[37.833332, -9.666667, 36.446730],
[37.833332, -9.583333, 36.365856],
[37.833332, -9.500000, 36.040834],
[37.833332, -9.416667, 35.723441],
[37.833332, -9.333333, 35.590686],
[37.833332, -9.250000, 35.639515],
[37.833332, -9.166667, 35.772271],
[37.833332, -9.083333, 35.814997],
[37.833332, -9.000000, 35.789056],
[37.833332, -8.916667, 35.807367],
[37.833332, -8.833333, 35.856197],
[37.750000, -12.000000, 36.323130],
[37.750000, -11.916667, 36.346019],
[37.750000, -11.833333, 36.368908],
[37.750000, -11.750000, 36.393323],
[37.750000, -11.666667, 36.400952],
[37.750000, -11.583333, 36.394848],
[37.750000, -11.500000, 36.388745],
[37.750000, -11.416667, 36.384167],
[37.750000, -11.333333, 36.382641],
[37.750000, -11.250000, 36.385693],
[37.750000, -11.166667, 36.388745],
[37.750000, -11.083333, 36.393323],
[37.750000, -11.000000, 36.399426],
[37.750000, -10.916667, 36.407056],
[37.750000, -10.833333, 36.416211],
[37.750000, -10.750000, 36.425367],
[37.750000, -10.666667, 36.432997],
[37.750000, -10.583333, 36.434523],
[37.750000, -10.500000, 36.434523],
[37.750000, -10.416667, 36.437574],
[37.750000, -10.333333, 36.442152],
[37.750000, -10.250000, 36.449782],
[37.750000, -10.166667, 36.458937],
[37.750000, -10.083333, 36.468093],
[37.750000, -10.000000, 36.477248],
[37.750000, -9.916667, 36.483352],
[37.750000, -9.833333, 36.483352],
[37.750000, -9.750000, 36.469619],
[37.750000, -9.666667, 36.437574],
[37.750000, -9.583333, 36.272774],
[37.750000, -9.500000, 35.903500],
[37.750000, -9.416667, 35.679189],
[37.750000, -9.333333, 35.666982],
[37.750000, -9.250000, 35.781426],
[37.750000, -9.166667, 35.885189],
[37.750000, -9.083333, 35.894345],
[37.750000, -9.000000, 35.857723],
[37.750000, -8.916667, 35.843989],
[37.750000, -8.833333, 35.863826],
[37.666668, -12.000000, 36.323130],
[37.666668, -11.916667, 36.339915],
[37.666668, -11.833333, 36.358226],
[37.666668, -11.750000, 36.379589],
[37.666668, -11.666667, 36.387219],
[37.666668, -11.583333, 36.382641],
[37.666668, -11.500000, 36.379589],
[37.666668, -11.416667, 36.378063],
[37.666668, -11.333333, 36.379589],
[37.666668, -11.250000, 36.381115],
[37.666668, -11.166667, 36.384167],
[37.666668, -11.083333, 36.385693],
[37.666668, -11.000000, 36.390271],
[37.666668, -10.916667, 36.397900],
[37.666668, -10.833333, 36.407056],
[37.666668, -10.750000, 36.414685],
[37.666668, -10.666667, 36.420789],
[37.666668, -10.583333, 36.420789],
[37.666668, -10.500000, 36.422315],
[37.666668, -10.416667, 36.425367],
[37.666668, -10.333333, 36.428419],
[37.666668, -10.250000, 36.437574],
[37.666668, -10.166667, 36.449782],
[37.666668, -10.083333, 36.463515],
[37.666668, -10.000000, 36.474197],
[37.666668, -9.916667, 36.478774],
[37.666668, -9.833333, 36.475722],
[37.666668, -9.750000, 36.460463],
[37.666668, -9.666667, 36.375011],
[37.666668, -9.583333, 36.106449],
[37.666668, -9.500000, 35.779900],
[37.666668, -9.416667, 35.709708],
[37.666668, -9.333333, 35.772271],
[37.666668, -9.250000, 35.901975],
[37.666668, -9.166667, 35.970641],
[37.666668, -9.083333, 35.981323],
[37.666668, -9.000000, 35.932493],
[37.666668, -8.916667, 35.889767],
[37.666668, -8.833333, 35.880612],
[37.583332, -12.000000, 36.320078],
[37.583332, -11.916667, 36.330760],
[37.583332, -11.833333, 36.338389],
[37.583332, -11.750000, 36.350597],
[37.583332, -11.666667, 36.356700],
[37.583332, -11.583333, 36.355174],
[37.583332, -11.500000, 36.358226],
[37.583332, -11.416667, 36.362804],
[37.583332, -11.333333, 36.373485],
[37.583332, -11.250000, 36.384167],
[37.583332, -11.166667, 36.393323],
[37.583332, -11.083333, 36.397900],
[37.583332, -11.000000, 36.397900],
[37.583332, -10.916667, 36.397900],
[37.583332, -10.833333, 36.402478],
[37.583332, -10.750000, 36.411634],
[37.583332, -10.666667, 36.416211],
[37.583332, -10.583333, 36.414685],
[37.583332, -10.500000, 36.414685],
[37.583332, -10.416667, 36.413160],
[37.583332, -10.333333, 36.411634],
[37.583332, -10.250000, 36.425367],
[37.583332, -10.166667, 36.440626],
[37.583332, -10.083333, 36.451308],
[37.583332, -10.000000, 36.455885],
[37.583332, -9.916667, 36.451308],
[37.583332, -9.833333, 36.423841],
[37.583332, -9.750000, 36.335337],
[37.583332, -9.666667, 36.153752],
[37.583332, -9.583333, 35.909604],
[37.583332, -9.500000, 35.772271],
[37.583332, -9.416667, 35.801263],
[37.583332, -9.333333, 35.895871],
[37.583332, -9.250000, 35.995056],
[37.583332, -9.166667, 36.039308],
[37.583332, -9.083333, 36.045412],
[37.583332, -9.000000, 35.988952],
[37.583332, -8.916667, 35.927915],
[37.583332, -8.833333, 35.901975],
[37.500000, -12.000000, 36.317026],
[37.500000, -11.916667, 36.318552],
[37.500000, -11.833333, 36.312448],
[37.500000, -11.750000, 36.312448],
[37.500000, -11.666667, 36.309397],
[37.500000, -11.583333, 36.309397],
[37.500000, -11.500000, 36.321604],
[37.500000, -11.416667, 36.339915],
[37.500000, -11.333333, 36.362804],
[37.500000, -11.250000, 36.384167],
[37.500000, -11.166667, 36.397900],
[37.500000, -11.083333, 36.405530],
[37.500000, -11.000000, 36.404004],
[37.500000, -10.916667, 36.397900],
[37.500000, -10.833333, 36.399426],
[37.500000, -10.750000, 36.405530],
[37.500000, -10.666667, 36.408582],
[37.500000, -10.583333, 36.404004],
[37.500000, -10.500000, 36.393323],
[37.500000, -10.416667, 36.371960],
[37.500000, -10.333333, 36.358226],
[37.500000, -10.250000, 36.364330],
[37.500000, -10.166667, 36.364330],
[37.500000, -10.083333, 36.361278],
[37.500000, -10.000000, 36.341441],
[37.500000, -9.916667, 36.288034],
[37.500000, -9.833333, 36.199530],
[37.500000, -9.750000, 36.077456],
[37.500000, -9.666667, 35.946226],
[37.500000, -9.583333, 35.860775],
[37.500000, -9.500000, 35.871456],
[37.500000, -9.416667, 35.950804],
[37.500000, -9.333333, 36.017945],
[37.500000, -9.250000, 36.077456],
[37.500000, -9.166667, 36.100345],
[37.500000, -9.083333, 36.088137],
[37.500000, -9.000000, 36.017945],
[37.500000, -8.916667, 35.949278],
[37.500000, -8.833333, 35.915708],
[37.416668, -12.000000, 36.315500],
[37.416668, -11.916667, 36.309397],
[37.416668, -11.833333, 36.292611],
[37.416668, -11.750000, 36.277352],
[37.416668, -11.666667, 36.265145],
[37.416668, -11.583333, 36.265145],
[37.416668, -11.500000, 36.283456],
[37.416668, -11.416667, 36.310923],
[37.416668, -11.333333, 36.341441],
[37.416668, -11.250000, 36.368908],
[37.416668, -11.166667, 36.390271],
[37.416668, -11.083333, 36.405530],
[37.416668, -11.000000, 36.405530],
[37.416668, -10.916667, 36.399426],
[37.416668, -10.833333, 36.397900],
[37.416668, -10.750000, 36.402478],
[37.416668, -10.666667, 36.400952],
[37.416668, -10.583333, 36.394848],
[37.416668, -10.500000, 36.376537],
[37.416668, -10.416667, 36.333811],
[37.416668, -10.333333, 36.292611],
[37.416668, -10.250000, 36.262093],
[37.416668, -10.166667, 36.228523],
[37.416668, -10.083333, 36.198004],
[37.416668, -10.000000, 36.156804],
[37.416668, -9.916667, 36.092715],
[37.416668, -9.833333, 36.028626],
[37.416668, -9.750000, 35.972167],
[37.416668, -9.666667, 35.949278],
[37.416668, -9.583333, 35.969115],
[37.416668, -9.500000, 36.024049],
[37.416668, -9.416667, 36.075930],
[37.416668, -9.333333, 36.101871],
[37.416668, -9.250000, 36.132389],
[37.416668, -9.166667, 36.135441],
[37.416668, -9.083333, 36.098819],
[37.416668, -9.000000, 36.016419],
[37.416668, -8.916667, 35.956908],
[37.416668, -8.833333, 35.937071],
[37.333332, -12.000000, 36.313974],
[37.333332, -11.916667, 36.300241],
[37.333332, -11.833333, 36.274300],
[37.333332, -11.750000, 36.251411],
[37.333332, -11.666667, 36.237678],
[37.333332, -11.583333, 36.243782],
[37.333332, -11.500000, 36.265145],
[37.333332, -11.416667, 36.292611],
[37.333332, -11.333333, 36.321604],
[37.333332, -11.250000, 36.350597],
[37.333332, -11.166667, 36.378063],
[37.333332, -11.083333, 36.397900],
[37.333332, -11.000000, 36.402478],
[37.333332, -10.916667, 36.396374],
[37.333332, -10.833333, 36.394848],
[37.333332, -10.750000, 36.396374],
[37.333332, -10.666667, 36.394848],
[37.333332, -10.583333, 36.393323],
[37.333332, -10.500000, 36.382641],
[37.333332, -10.416667, 36.342967],
[37.333332, -10.333333, 36.289560],
[37.333332, -10.250000, 36.237678],
[37.333332, -10.166667, 36.181219],
[37.333332, -10.083333, 36.133915],
[37.333332, -10.000000, 36.091189],
[37.333332, -9.916667, 36.051515],
[37.333332, -9.833333, 36.027100],
[37.333332, -9.750000, 36.019471],
[37.333332, -9.666667, 36.037782],
[37.333332, -9.583333, 36.077456],
[37.333332, -9.500000, 36.117130],
[37.333332, -9.416667, 36.140019],
[37.333332, -9.333333, 36.150700],
[37.333332, -9.250000, 36.164434],
[37.333332, -9.166667, 36.149174],
[37.333332, -9.083333, 36.092715],
[37.333332, -9.000000, 36.011841],
[37.333332, -8.916667, 35.969115],
[37.333332, -8.833333, 35.967589],
[37.250000, -12.000000, 36.313974],
[37.250000, -11.916667, 36.292611],
[37.250000, -11.833333, 36.262093],
[37.250000, -11.750000, 36.239204],
[37.250000, -11.666667, 36.233100],
[37.250000, -11.583333, 36.248360],
[37.250000, -11.500000, 36.277352],
[37.250000, -11.416667, 36.303293],
[37.250000, -11.333333, 36.326182],
[37.250000, -11.250000, 36.347545],
[37.250000, -11.166667, 36.370434],
[37.250000, -11.083333, 36.390271],
[37.250000, -11.000000, 36.397900],
[37.250000, -10.916667, 36.393323],
[37.250000, -10.833333, 36.393323],
[37.250000, -10.750000, 36.394848],
[37.250000, -10.666667, 36.394848],
[37.250000, -10.583333, 36.396374],
[37.250000, -10.500000, 36.396374],
[37.250000, -10.416667, 36.384167],
[37.250000, -10.333333, 36.358226],
[37.250000, -10.250000, 36.324656],
[37.250000, -10.166667, 36.283456],
[37.250000, -10.083333, 36.239204],
[37.250000, -10.000000, 36.201056],
[37.250000, -9.916667, 36.170537],
[37.250000, -9.833333, 36.155278],
[37.250000, -9.750000, 36.156804],
[37.250000, -9.666667, 36.167486],
[37.250000, -9.583333, 36.187323],
[37.250000, -9.500000, 36.201056],
[37.250000, -9.416667, 36.204108],
[37.250000, -9.333333, 36.202582],
[37.250000, -9.250000, 36.191900],
[37.250000, -9.166667, 36.149174],
[37.250000, -9.083333, 36.078982],
[37.250000, -9.000000, 36.011841],
[37.250000, -8.916667, 35.995056],
[37.250000, -8.833333, 36.004212],
[37.166668, -12.000000, 36.310923],
[37.166668, -11.916667, 36.286508],
[37.166668, -11.833333, 36.255989],
[37.166668, -11.750000, 36.236152],
[37.166668, -11.666667, 36.237678],
[37.166668, -11.583333, 36.265145],
[37.166668, -11.500000, 36.301767],
[37.166668, -11.416667, 36.335337],
[37.166668, -11.333333, 36.356700],
[37.166668, -11.250000, 36.367382],
[37.166668, -11.166667, 36.375011],
[37.166668, -11.083333, 36.385693],
[37.166668, -11.000000, 36.391797],
[37.166668, -10.916667, 36.390271],
[37.166668, -10.833333, 36.391797],
[37.166668, -10.750000, 36.399426],
[37.166668, -10.666667, 36.405530],
[37.166668, -10.583333, 36.414685],
[37.166668, -10.500000, 36.420789],
[37.166668, -10.416667, 36.414685],
[37.166668, -10.333333, 36.405530],
[37.166668, -10.250000, 36.397900],
[37.166668, -10.166667, 36.388745],
[37.166668, -10.083333, 36.375011],
[37.166668, -10.000000, 36.359752],
[37.166668, -9.916667, 36.344493],
[37.166668, -9.833333, 36.332285],
[37.166668, -9.750000, 36.324656],
[37.166668, -9.666667, 36.318552],
[37.166668, -9.583333, 36.313974],
[37.166668, -9.500000, 36.307871],
[37.166668, -9.416667, 36.297189],
[37.166668, -9.333333, 36.275826],
[37.166668, -9.250000, 36.223945],
[37.166668, -9.166667, 36.135441],
[37.166668, -9.083333, 36.042360],
[37.166668, -9.000000, 36.013367],
[37.166668, -8.916667, 36.014893],
[37.166668, -7.500000, 34.305856],
[37.166668, -7.416667, 34.405042],
[37.166668, -7.333333, 34.560686],
[37.166668, -7.250000, 34.626301],
[37.166668, -7.166667, 34.583575],
[37.166668, -7.083333, 34.466079],
[37.166668, -7.000000, 34.449293],
[37.166668, -6.916667, 34.836879],
[37.083332, -12.000000, 36.306345],
[37.083332, -11.916667, 36.278878],
[37.083332, -11.833333, 36.249886],
[37.083332, -11.750000, 36.236152],
[37.083332, -11.666667, 36.245308],
[37.083332, -11.583333, 36.278878],
[37.083332, -11.500000, 36.321604],
[37.083332, -11.416667, 36.361278],
[37.083332, -11.333333, 36.384167],
[37.083332, -11.250000, 36.391797],
[37.083332, -11.166667, 36.387219],
[37.083332, -11.083333, 36.387219],
[37.083332, -11.000000, 36.390271],
[37.083332, -10.916667, 36.388745],
[37.083332, -10.833333, 36.394848],
[37.083332, -10.750000, 36.407056],
[37.083332, -10.666667, 36.420789],
[37.083332, -10.583333, 36.440626],
[37.083332, -10.500000, 36.461989],
[37.083332, -10.416667, 36.460463],
[37.083332, -10.333333, 36.451308],
[37.083332, -10.250000, 36.446730],
[37.083332, -10.166667, 36.443678],
[37.083332, -10.083333, 36.440626],
[37.083332, -10.000000, 36.434523],
[37.083332, -9.916667, 36.425367],
[37.083332, -9.833333, 36.414685],
[37.083332, -9.750000, 36.400952],
[37.083332, -9.666667, 36.385693],
[37.083332, -9.583333, 36.371960],
[37.083332, -9.500000, 36.358226],
[37.083332, -9.416667, 36.346019],
[37.083332, -9.333333, 36.321604],
[37.083332, -9.250000, 36.243782],
[37.083332, -9.166667, 36.120182],
[37.083332, -9.083333, 36.045412],
[37.083332, -9.000000, 36.034730],
[37.083332, -8.750000, 36.132389],
[37.083332, -8.666667, 36.126286],
[37.083332, -8.583333, 36.086611],
[37.083332, -8.500000, 36.039308],
[37.083332, -8.416667, 35.985900],
[37.083332, -8.333333, 35.898923],
[37.083332, -8.250000, 35.821100],
[37.083332, -8.166667, 35.769219],
[37.083332, -8.083333, 35.747856],
[37.083332, -7.750000, 34.807886],
[37.083332, -7.666667, 35.035249],
[37.083332, -7.583333, 35.019990],
[37.083332, -7.500000, 34.972686],
[37.083332, -7.416667, 35.142064],
[37.083332, -7.333333, 35.169530],
[37.083332, -7.250000, 35.120701],
[37.083332, -7.166667, 35.032197],
[37.083332, -7.083333, 34.899441],
[37.083332, -7.000000, 34.807886],
[37.083332, -6.916667, 35.172582],
[37.083332, -6.833333, 35.329752],
[37.083332, -6.750000, 35.316019],
[37.000000, -12.000000, 36.289560],
[37.000000, -11.916667, 36.263619],
[37.000000, -11.833333, 36.242256],
[37.000000, -11.750000, 36.239204],
[37.000000, -11.666667, 36.255989],
[37.000000, -11.583333, 36.288034],
[37.000000, -11.500000, 36.326182],
[37.000000, -11.416667, 36.362804],
[37.000000, -11.333333, 36.390271],
[37.000000, -11.250000, 36.402478],
[37.000000, -11.166667, 36.399426],
[37.000000, -11.083333, 36.391797],
[37.000000, -11.000000, 36.390271],
[37.000000, -10.916667, 36.387219],
[37.000000, -10.833333, 36.396374],
[37.000000, -10.750000, 36.416211],
[37.000000, -10.666667, 36.442152],
[37.000000, -10.583333, 36.475722],
[37.000000, -10.500000, 36.497085],
[37.000000, -10.416667, 36.497085],
[37.000000, -10.333333, 36.490982],
[37.000000, -10.250000, 36.487930],
[37.000000, -10.166667, 36.484878],
[37.000000, -10.083333, 36.480300],
[37.000000, -10.000000, 36.472671],
[37.000000, -9.916667, 36.458937],
[37.000000, -9.833333, 36.439100],
[37.000000, -9.750000, 36.414685],
[37.000000, -9.666667, 36.388745],
[37.000000, -9.583333, 36.367382],
[37.000000, -9.500000, 36.358226],
[37.000000, -9.416667, 36.350597],
[37.000000, -9.333333, 36.326182],
[37.000000, -9.250000, 36.245308],
[37.000000, -9.166667, 36.130863],
[37.000000, -9.083333, 36.054567],
[37.000000, -9.000000, 36.053041],
[37.000000, -8.916667, 36.088137],
[37.000000, -8.833333, 36.095767],
[37.000000, -8.750000, 36.106449],
[37.000000, -8.666667, 36.117130],
[37.000000, -8.583333, 36.117130],
[37.000000, -8.500000, 36.098819],
[37.000000, -8.416667, 36.077456],
[37.000000, -8.333333, 36.014893],
[37.000000, -8.250000, 35.927915],
[37.000000, -8.166667, 35.871456],
[37.000000, -8.083333, 35.857723],
[37.000000, -8.000000, 35.868404],
[37.000000, -7.916667, 35.793634],
[37.000000, -7.833333, 35.671560],
[37.000000, -7.750000, 35.427412],
[37.000000, -7.666667, 35.666982],
[37.000000, -7.583333, 35.738700],
[37.000000, -7.500000, 35.796686],
[37.000000, -7.416667, 35.843989],
[37.000000, -7.333333, 35.833308],
[37.000000, -7.250000, 35.770745],
[37.000000, -7.166667, 35.644093],
[37.000000, -7.083333, 35.468612],
[37.000000, -7.000000, 35.259560],
[37.000000, -6.916667, 35.213782],
[37.000000, -6.833333, 35.227515],
[37.000000, -6.750000, 35.322123],
[37.000000, -6.666667, 35.381634],
[37.000000, -6.583333, 35.244301],
[37.000000, -6.500000, 35.079501],
[36.916668, -12.000000, 36.260567],
[36.916668, -11.916667, 36.246834],
[36.916668, -11.833333, 36.242256],
[36.916668, -11.750000, 36.248360],
[36.916668, -11.666667, 36.266671],
[36.916668, -11.583333, 36.289560],
[36.916668, -11.500000, 36.318552],
[36.916668, -11.416667, 36.353648],
[36.916668, -11.333333, 36.388745],
[36.916668, -11.250000, 36.405530],
[36.916668, -11.166667, 36.404004],
[36.916668, -11.083333, 36.396374],
[36.916668, -11.000000, 36.394848],
[36.916668, -10.916667, 36.393323],
[36.916668, -10.833333, 36.404004],
[36.916668, -10.750000, 36.436048],
[36.916668, -10.666667, 36.475722],
[36.916668, -10.583333, 36.498611],
[36.916668, -10.500000, 36.500137],
[36.916668, -10.416667, 36.494034],
[36.916668, -10.333333, 36.489456],
[36.916668, -10.250000, 36.489456],
[36.916668, -10.166667, 36.489456],
[36.916668, -10.083333, 36.486404],
[36.916668, -10.000000, 36.480300],
[36.916668, -9.916667, 36.469619],
[36.916668, -9.833333, 36.451308],
[36.916668, -9.750000, 36.420789],
[36.916668, -9.666667, 36.379589],
[36.916668, -9.583333, 36.342967],
[36.916668, -9.500000, 36.330760],
[36.916668, -9.416667, 36.335337],
[36.916668, -9.333333, 36.312448],
[36.916668, -9.250000, 36.234626],
[36.916668, -9.166667, 36.147649],
[36.916668, -9.083333, 36.101871],
[36.916668, -9.000000, 36.094241],
[36.916668, -8.916667, 36.112552],
[36.916668, -8.833333, 36.147649],
[36.916668, -8.750000, 36.175115],
[36.916668, -8.666667, 36.176641],
[36.916668, -8.583333, 36.176641],
[36.916668, -8.500000, 36.170537],
[36.916668, -8.416667, 36.159856],
[36.916668, -8.333333, 36.120182],
[36.916668, -8.250000, 36.060671],
[36.916668, -8.166667, 36.002686],
[36.916668, -8.083333, 35.967589],
[36.916668, -8.000000, 35.946226],
[36.916668, -7.916667, 35.941649],
[36.916668, -7.833333, 35.938597],
[36.916668, -7.750000, 35.938597],
[36.916668, -7.666667, 35.998108],
[36.916668, -7.583333, 36.039308],
[36.916668, -7.500000, 36.056093],
[36.916668, -7.416667, 36.053041],
[36.916668, -7.333333, 36.036256],
[36.916668, -7.250000, 35.976745],
[36.916668, -7.166667, 35.818049],
[36.916668, -7.083333, 35.596789],
[36.916668, -7.000000, 35.387738],
[36.916668, -6.916667, 35.262612],
[36.916668, -6.833333, 35.283975],
[36.916668, -6.750000, 35.410627],
[36.916668, -6.666667, 35.404523],
[36.916668, -6.583333, 35.296182],
[36.916668, -6.500000, 35.102390],
[36.916668, -6.416667, 34.858241],
[36.833332, -12.000000, 36.246834],
[36.833332, -11.916667, 36.246834],
[36.833332, -11.833333, 36.254463],
[36.833332, -11.750000, 36.271248],
[36.833332, -11.666667, 36.289560],
[36.833332, -11.583333, 36.306345],
[36.833332, -11.500000, 36.329234],
[36.833332, -11.416667, 36.362804],
[36.833332, -11.333333, 36.397900],
[36.833332, -11.250000, 36.410108],
[36.833332, -11.166667, 36.405530],
[36.833332, -11.083333, 36.402478],
[36.833332, -11.000000, 36.405530],
[36.833332, -10.916667, 36.410108],
[36.833332, -10.833333, 36.428419],
[36.833332, -10.750000, 36.466567],
[36.833332, -10.666667, 36.492508],
[36.833332, -10.583333, 36.492508],
[36.833332, -10.500000, 36.484878],
[36.833332, -10.416667, 36.480300],
[36.833332, -10.333333, 36.481826],
[36.833332, -10.250000, 36.484878],
[36.833332, -10.166667, 36.486404],
[36.833332, -10.083333, 36.487930],
[36.833332, -10.000000, 36.486404],
[36.833332, -9.916667, 36.481826],
[36.833332, -9.833333, 36.474197],
[36.833332, -9.750000, 36.455885],
[36.833332, -9.666667, 36.420789],
[36.833332, -9.583333, 36.370434],
[36.833332, -9.500000, 36.321604],
[36.833332, -9.416667, 36.295663],
[36.833332, -9.333333, 36.278878],
[36.833332, -9.250000, 36.226997],
[36.833332, -9.166667, 36.175115],
[36.833332, -9.083333, 36.146123],
[36.833332, -9.000000, 36.147649],
[36.833332, -8.916667, 36.167486],
[36.833332, -8.833333, 36.214789],
[36.833332, -8.750000, 36.268197],
[36.833332, -8.666667, 36.288034],
[36.833332, -8.583333, 36.291086],
[36.833332, -8.500000, 36.283456],
[36.833332, -8.416667, 36.266671],
[36.833332, -8.333333, 36.236152],
[36.833332, -8.250000, 36.198004],
[36.833332, -8.166667, 36.164434],
[36.833332, -8.083333, 36.153752],
[36.833332, -8.000000, 36.141545],
[36.833332, -7.916667, 36.135441],
[36.833332, -7.833333, 36.138493],
[36.833332, -7.750000, 36.159856],
[36.833332, -7.666667, 36.184271],
[36.833332, -7.583333, 36.205634],
[36.833332, -7.500000, 36.208686],
[36.833332, -7.416667, 36.194952],
[36.833332, -7.333333, 36.178167],
[36.833332, -7.250000, 36.117130],
[36.833332, -7.166667, 35.927915],
[36.833332, -7.083333, 35.656301],
[36.833332, -7.000000, 35.419782],
[36.833332, -6.916667, 35.302286],
[36.833332, -6.833333, 35.338908],
[36.833332, -6.750000, 35.485397],
[36.833332, -6.666667, 35.534226],
[36.833332, -6.583333, 35.311441],
[36.833332, -6.500000, 35.125278],
[36.833332, -6.416667, 34.826197],
[36.750000, -12.000000, 36.260567],
[36.750000, -11.916667, 36.277352],
[36.750000, -11.833333, 36.303293],
[36.750000, -11.750000, 36.327708],
[36.750000, -11.666667, 36.346019],
[36.750000, -11.583333, 36.358226],
[36.750000, -11.500000, 36.371960],
[36.750000, -11.416667, 36.393323],
[36.750000, -11.333333, 36.411634],
[36.750000, -11.250000, 36.413160],
[36.750000, -11.166667, 36.407056],
[36.750000, -11.083333, 36.410108],
[36.750000, -11.000000, 36.419263],
[36.750000, -10.916667, 36.429945],
[36.750000, -10.833333, 36.455885],
[36.750000, -10.750000, 36.484878],
[36.750000, -10.666667, 36.489456],
[36.750000, -10.583333, 36.481826],
[36.750000, -10.500000, 36.474197],
[36.750000, -10.416667, 36.474197],
[36.750000, -10.333333, 36.480300],
[36.750000, -10.250000, 36.486404],
[36.750000, -10.166667, 36.487930],
[36.750000, -10.083333, 36.489456],
[36.750000, -10.000000, 36.487930],
[36.750000, -9.916667, 36.487930],
[36.750000, -9.833333, 36.484878],
[36.750000, -9.750000, 36.481826],
[36.750000, -9.666667, 36.472671],
[36.750000, -9.583333, 36.449782],
[36.750000, -9.500000, 36.407056],
[36.750000, -9.416667, 36.353648],
[36.750000, -9.333333, 36.301767],
[36.750000, -9.250000, 36.251411],
[36.750000, -9.166667, 36.205634],
[36.750000, -9.083333, 36.178167],
[36.750000, -9.000000, 36.175115],
[36.750000, -8.916667, 36.207160],
[36.750000, -8.833333, 36.254463],
[36.750000, -8.750000, 36.301767],
[36.750000, -8.666667, 36.333811],
[36.750000, -8.583333, 36.347545],
[36.750000, -8.500000, 36.347545],
[36.750000, -8.416667, 36.341441],
[36.750000, -8.333333, 36.327708],
[36.750000, -8.250000, 36.310923],
[36.750000, -8.166667, 36.300241],
[36.750000, -8.083333, 36.298715],
[36.750000, -8.000000, 36.301767],
[36.750000, -7.916667, 36.303293],
[36.750000, -7.833333, 36.304819],
[36.750000, -7.750000, 36.307871],
[36.750000, -7.666667, 36.309397],
[36.750000, -7.583333, 36.309397],
[36.750000, -7.500000, 36.303293],
[36.750000, -7.416667, 36.289560],
[36.750000, -7.333333, 36.281930],
[36.750000, -7.250000, 36.225471],
[36.750000, -7.166667, 36.025574],
[36.750000, -7.083333, 35.763115],
[36.750000, -7.000000, 35.535752],
[36.750000, -6.916667, 35.413678],
[36.750000, -6.833333, 35.418256],
[36.750000, -6.750000, 35.509812],
[36.750000, -6.666667, 35.525071],
[36.750000, -6.583333, 35.293130],
[36.750000, -6.500000, 35.085604],
[36.750000, -6.416667, 34.809412],
[36.666668, -12.000000, 36.315500],
[36.666668, -11.916667, 36.359752],
[36.666668, -11.833333, 36.393323],
[36.666668, -11.750000, 36.413160],
[36.666668, -11.666667, 36.420789],
[36.666668, -11.583333, 36.420789],
[36.666668, -11.500000, 36.419263],
[36.666668, -11.416667, 36.420789],
[36.666668, -11.333333, 36.420789],
[36.666668, -11.250000, 36.413160],
[36.666668, -11.166667, 36.413160],
[36.666668, -11.083333, 36.425367],
[36.666668, -11.000000, 36.437574],
[36.666668, -10.916667, 36.454360],
[36.666668, -10.833333, 36.475722],
[36.666668, -10.750000, 36.487930],
[36.666668, -10.666667, 36.483352],
[36.666668, -10.583333, 36.474197],
[36.666668, -10.500000, 36.468093],
[36.666668, -10.416667, 36.471145],
[36.666668, -10.333333, 36.480300],
[36.666668, -10.250000, 36.487930],
[36.666668, -10.166667, 36.490982],
[36.666668, -10.083333, 36.492508],
[36.666668, -10.000000, 36.492508],
[36.666668, -9.916667, 36.489456],
[36.666668, -9.833333, 36.484878],
[36.666668, -9.750000, 36.481826],
[36.666668, -9.666667, 36.481826],
[36.666668, -9.583333, 36.478774],
[36.666668, -9.500000, 36.468093],
[36.666668, -9.416667, 36.446730],
[36.666668, -9.333333, 36.413160],
[36.666668, -9.250000, 36.373485],
[36.666668, -9.166667, 36.330760],
[36.666668, -9.083333, 36.283456],
[36.666668, -9.000000, 36.254463],
[36.666668, -8.916667, 36.259041],
[36.666668, -8.833333, 36.284982],
[36.666668, -8.750000, 36.317026],
[36.666668, -8.666667, 36.346019],
[36.666668, -8.583333, 36.367382],
[36.666668, -8.500000, 36.376537],
[36.666668, -8.416667, 36.376537],
[36.666668, -8.333333, 36.373485],
[36.666668, -8.250000, 36.367382],
[36.666668, -8.166667, 36.361278],
[36.666668, -8.083333, 36.355174],
[36.666668, -8.000000, 36.349071],
[36.666668, -7.916667, 36.338389],
[36.666668, -7.833333, 36.324656],
[36.666668, -7.750000, 36.310923],
[36.666668, -7.666667, 36.298715],
[36.666668, -7.583333, 36.294137],
[36.666668, -7.500000, 36.292611],
[36.666668, -7.416667, 36.291086],
[36.666668, -7.333333, 36.271248],
[36.666668, -7.250000, 36.178167],
[36.666668, -7.166667, 36.013367],
[36.666668, -7.083333, 35.837886],
[36.666668, -7.000000, 35.682241],
[36.666668, -6.916667, 35.587634],
[36.666668, -6.833333, 35.552538],
[36.666668, -6.750000, 35.557115],
[36.666668, -6.666667, 35.538804],
[36.666668, -6.583333, 35.383160],
[36.666668, -6.500000, 35.187841],
[36.666668, -6.416667, 35.070345],
[36.666668, -6.333333, 35.042878],
[36.583332, -12.000000, 36.404004],
[36.583332, -11.916667, 36.439100],
[36.583332, -11.833333, 36.448256],
[36.583332, -11.750000, 36.448256],
[36.583332, -11.666667, 36.446730],
[36.583332, -11.583333, 36.440626],
[36.583332, -11.500000, 36.432997],
[36.583332, -11.416667, 36.426893],
[36.583332, -11.333333, 36.419263],
[36.583332, -11.250000, 36.417737],
[36.583332, -11.166667, 36.428419],
[36.583332, -11.083333, 36.442152],
[36.583332, -11.000000, 36.457411],
[36.583332, -10.916667, 36.474197],
[36.583332, -10.833333, 36.486404],
[36.583332, -10.750000, 36.484878],
[36.583332, -10.666667, 36.475722],
[36.583332, -10.583333, 36.468093],
[36.583332, -10.500000, 36.465041],
[36.583332, -10.416667, 36.469619],
[36.583332, -10.333333, 36.478774],
[36.583332, -10.250000, 36.486404],
[36.583332, -10.166667, 36.489456],
[36.583332, -10.083333, 36.492508],
[36.583332, -10.000000, 36.495560],
[36.583332, -9.916667, 36.497085],
[36.583332, -9.833333, 36.490982],
[36.583332, -9.750000, 36.483352],
[36.583332, -9.666667, 36.477248],
[36.583332, -9.583333, 36.475722],
[36.583332, -9.500000, 36.477248],
[36.583332, -9.416667, 36.475722],
[36.583332, -9.333333, 36.471145],
[36.583332, -9.250000, 36.461989],
[36.583332, -9.166667, 36.445204],
[36.583332, -9.083333, 36.419263],
[36.583332, -9.000000, 36.391797],
[36.583332, -8.916667, 36.368908],
[36.583332, -8.833333, 36.350597],
[36.583332, -8.750000, 36.344493],
[36.583332, -8.666667, 36.355174],
[36.583332, -8.583333, 36.373485],
[36.583332, -8.500000, 36.385693],
[36.583332, -8.416667, 36.390271],
[36.583332, -8.333333, 36.385693],
[36.583332, -8.250000, 36.375011],
[36.583332, -8.166667, 36.361278],
[36.583332, -8.083333, 36.341441],
[36.583332, -8.000000, 36.320078],
[36.583332, -7.916667, 36.300241],
[36.583332, -7.833333, 36.289560],
[36.583332, -7.750000, 36.281930],
[36.583332, -7.666667, 36.272774],
[36.583332, -7.583333, 36.260567],
[36.583332, -7.500000, 36.243782],
[36.583332, -7.416667, 36.222419],
[36.583332, -7.333333, 36.178167],
[36.583332, -7.250000, 36.095767],
[36.583332, -7.166667, 36.008789],
[36.583332, -7.083333, 35.932493],
[36.583332, -7.000000, 35.866878],
[36.583332, -6.916667, 35.824152],
[36.583332, -6.833333, 35.778375],
[36.583332, -6.750000, 35.705130],
[36.583332, -6.666667, 35.607471],
[36.583332, -6.583333, 35.493026],
[36.583332, -6.500000, 35.413678],
[36.583332, -6.416667, 35.410627],
[36.583332, -6.333333, 35.447249],
[36.583332, -6.250000, 35.230567],
[36.500000, -12.000000, 36.455885],
[36.500000, -11.916667, 36.455885],
[36.500000, -11.833333, 36.451308],
[36.500000, -11.750000, 36.448256],
[36.500000, -11.666667, 36.443678],
[36.500000, -11.583333, 36.437574],
[36.500000, -11.500000, 36.429945],
[36.500000, -11.416667, 36.422315],
[36.500000, -11.333333, 36.419263],
[36.500000, -11.250000, 36.428419],
[36.500000, -11.166667, 36.442152],
[36.500000, -11.083333, 36.455885],
[36.500000, -11.000000, 36.471145],
[36.500000, -10.916667, 36.484878],
[36.500000, -10.833333, 36.490982],
[36.500000, -10.750000, 36.486404],
[36.500000, -10.666667, 36.477248],
[36.500000, -10.583333, 36.471145],
[36.500000, -10.500000, 36.469619],
[36.500000, -10.416667, 36.472671],
[36.500000, -10.333333, 36.477248],
[36.500000, -10.250000, 36.481826],
[36.500000, -10.166667, 36.484878],
[36.500000, -10.083333, 36.486404],
[36.500000, -10.000000, 36.492508],
[36.500000, -9.916667, 36.497085],
[36.500000, -9.833333, 36.498611],
[36.500000, -9.750000, 36.492508],
[36.500000, -9.666667, 36.481826],
[36.500000, -9.583333, 36.474197],
[36.500000, -9.500000, 36.469619],
[36.500000, -9.416667, 36.469619],
[36.500000, -9.333333, 36.471145],
[36.500000, -9.250000, 36.474197],
[36.500000, -9.166667, 36.475722],
[36.500000, -9.083333, 36.474197],
[36.500000, -9.000000, 36.471145],
[36.500000, -8.916667, 36.460463],
[36.500000, -8.833333, 36.432997],
[36.500000, -8.750000, 36.396374],
[36.500000, -8.666667, 36.375011],
[36.500000, -8.583333, 36.378063],
[36.500000, -8.500000, 36.390271],
[36.500000, -8.416667, 36.394848],
[36.500000, -8.333333, 36.385693],
[36.500000, -8.250000, 36.368908],
[36.500000, -8.166667, 36.349071],
[36.500000, -8.083333, 36.329234],
[36.500000, -8.000000, 36.313974],
[36.500000, -7.916667, 36.306345],
[36.500000, -7.833333, 36.304819],
[36.500000, -7.750000, 36.306345],
[36.500000, -7.666667, 36.300241],
[36.500000, -7.583333, 36.278878],
[36.500000, -7.500000, 36.242256],
[36.500000, -7.416667, 36.198004],
[36.500000, -7.333333, 36.153752],
[36.500000, -7.250000, 36.111026],
[36.500000, -7.166667, 36.083560],
[36.500000, -7.083333, 36.072878],
[36.500000, -7.000000, 36.068300],
[36.500000, -6.916667, 36.057619],
[36.500000, -6.833333, 36.013367],
[36.500000, -6.750000, 35.905026],
[36.500000, -6.666667, 35.724967],
[36.500000, -6.583333, 35.567797],
[36.500000, -6.500000, 35.502182],
[36.500000, -6.416667, 35.528123],
[36.500000, -6.333333, 35.564745],
[36.500000, -6.250000, 35.276345],
[36.500000, -5.083333, 36.469619],
[36.500000, -5.000000, 36.454360],
[36.416668, -12.000000, 36.457411],
[36.416668, -11.916667, 36.452834],
[36.416668, -11.833333, 36.448256],
[36.416668, -11.750000, 36.445204],
[36.416668, -11.666667, 36.440626],
[36.416668, -11.583333, 36.432997],
[36.416668, -11.500000, 36.425367],
[36.416668, -11.416667, 36.422315],
[36.416668, -11.333333, 36.425367],
[36.416668, -11.250000, 36.437574],
[36.416668, -11.166667, 36.451308],
[36.416668, -11.083333, 36.465041],
[36.416668, -11.000000, 36.478774],
[36.416668, -10.916667, 36.490982],
[36.416668, -10.833333, 36.495560],
[36.416668, -10.750000, 36.490982],
[36.416668, -10.666667, 36.484878],
[36.416668, -10.583333, 36.480300],
[36.416668, -10.500000, 36.477248],
[36.416668, -10.416667, 36.478774],
[36.416668, -10.333333, 36.481826],
[36.416668, -10.250000, 36.484878],
[36.416668, -10.166667, 36.486404],
[36.416668, -10.083333, 36.489456],
[36.416668, -10.000000, 36.492508],
[36.416668, -9.916667, 36.494034],
[36.416668, -9.833333, 36.498611],
[36.416668, -9.750000, 36.497085],
[36.416668, -9.666667, 36.487930],
[36.416668, -9.583333, 36.478774],
[36.416668, -9.500000, 36.472671],
[36.416668, -9.416667, 36.468093],
[36.416668, -9.333333, 36.466567],
[36.416668, -9.250000, 36.466567],
[36.416668, -9.166667, 36.468093],
[36.416668, -9.083333, 36.474197],
[36.416668, -9.000000, 36.483352],
[36.416668, -8.916667, 36.490982],
[36.416668, -8.833333, 36.480300],
[36.416668, -8.750000, 36.445204],
[36.416668, -8.666667, 36.405530],
[36.416668, -8.583333, 36.388745],
[36.416668, -8.500000, 36.393323],
[36.416668, -8.416667, 36.399426],
[36.416668, -8.333333, 36.393323],
[36.416668, -8.250000, 36.382641],
[36.416668, -8.166667, 36.368908],
[36.416668, -8.083333, 36.358226],
[36.416668, -8.000000, 36.350597],
[36.416668, -7.916667, 36.350597],
[36.416668, -7.833333, 36.356700],
[36.416668, -7.750000, 36.362804],
[36.416668, -7.666667, 36.361278],
[36.416668, -7.583333, 36.346019],
[36.416668, -7.500000, 36.312448],
[36.416668, -7.416667, 36.263619],
[36.416668, -7.333333, 36.217841],
[36.416668, -7.250000, 36.193426],
[36.416668, -7.166667, 36.194952],
[36.416668, -7.083333, 36.207160],
[36.416668, -7.000000, 36.217841],
[36.416668, -6.916667, 36.211737],
[36.416668, -6.833333, 36.170537],
[36.416668, -6.750000, 36.075930],
[36.416668, -6.666667, 35.863826],
[36.416668, -6.583333, 35.666982],
[36.416668, -6.500000, 35.593738],
[36.416668, -6.416667, 35.627308],
[36.416668, -6.333333, 35.670034],
[36.416668, -6.250000, 35.538804],
[36.416668, -5.166667, 36.460463],
[36.416668, -5.083333, 36.434523],
[36.416668, -5.000000, 36.394848],
[36.333332, -12.000000, 36.457411],
[36.333332, -11.916667, 36.452834],
[36.333332, -11.833333, 36.449782],
[36.333332, -11.750000, 36.446730],
[36.333332, -11.666667, 36.442152],
[36.333332, -11.583333, 36.436048],
[36.333332, -11.500000, 36.428419],
[36.333332, -11.416667, 36.426893],
[36.333332, -11.333333, 36.429945],
[36.333332, -11.250000, 36.440626],
[36.333332, -11.166667, 36.452834],
[36.333332, -11.083333, 36.468093],
[36.333332, -11.000000, 36.483352],
[36.333332, -10.916667, 36.495560],
[36.333332, -10.833333, 36.498611],
[36.333332, -10.750000, 36.495560],
[36.333332, -10.666667, 36.492508],
[36.333332, -10.583333, 36.489456],
[36.333332, -10.500000, 36.487930],
[36.333332, -10.416667, 36.486404],
[36.333332, -10.333333, 36.487930],
[36.333332, -10.250000, 36.489456],
[36.333332, -10.166667, 36.492508],
[36.333332, -10.083333, 36.494034],
[36.333332, -10.000000, 36.495560],
[36.333332, -9.916667, 36.494034],
[36.333332, -9.833333, 36.498611],
[36.333332, -9.750000, 36.500137],
[36.333332, -9.666667, 36.492508],
[36.333332, -9.583333, 36.481826],
[36.333332, -9.500000, 36.474197],
[36.333332, -9.416667, 36.471145],
[36.333332, -9.333333, 36.469619],
[36.333332, -9.250000, 36.469619],
[36.333332, -9.166667, 36.466567],
[36.333332, -9.083333, 36.465041],
[36.333332, -9.000000, 36.472671],
[36.333332, -8.916667, 36.487930],
[36.333332, -8.833333, 36.494034],
[36.333332, -8.750000, 36.474197],
[36.333332, -8.666667, 36.432997],
[36.333332, -8.583333, 36.400952],
[36.333332, -8.500000, 36.396374],
[36.333332, -8.416667, 36.402478],
[36.333332, -8.333333, 36.402478],
[36.333332, -8.250000, 36.397900],
[36.333332, -8.166667, 36.391797],
[36.333332, -8.083333, 36.387219],
[36.333332, -8.000000, 36.384167],
[36.333332, -7.916667, 36.382641],
[36.333332, -7.833333, 36.382641],
[36.333332, -7.750000, 36.382641],
[36.333332, -7.666667, 36.379589],
[36.333332, -7.583333, 36.375011],
[36.333332, -7.500000, 36.367382],
[36.333332, -7.416667, 36.347545],
[36.333332, -7.333333, 36.320078],
[36.333332, -7.250000, 36.301767],
[36.333332, -7.166667, 36.300241],
[36.333332, -7.083333, 36.304819],
[36.333332, -7.000000, 36.301767],
[36.333332, -6.916667, 36.283456],
[36.333332, -6.833333, 36.246834],
[36.333332, -6.750000, 36.172063],
[36.333332, -6.666667, 35.985900],
[36.333332, -6.583333, 35.769219],
[36.333332, -6.500000, 35.670034],
[36.333332, -6.416667, 35.702078],
[36.333332, -6.333333, 35.747856],
[36.333332, -6.250000, 35.703604],
[36.333332, -6.166667, 35.523545],
[36.333332, -5.250000, 36.443678],
[36.333332, -5.166667, 36.384167],
[36.333332, -5.083333, 36.310923],
[36.333332, -5.000000, 36.257515],
[36.250000, -12.000000, 36.458937],
[36.250000, -11.916667, 36.455885],
[36.250000, -11.833333, 36.452834],
[36.250000, -11.750000, 36.449782],
[36.250000, -11.666667, 36.446730],
[36.250000, -11.583333, 36.442152],
[36.250000, -11.500000, 36.439100],
[36.250000, -11.416667, 36.436048],
[36.250000, -11.333333, 36.437574],
[36.250000, -11.250000, 36.440626],
[36.250000, -11.166667, 36.446730],
[36.250000, -11.083333, 36.457411],
[36.250000, -11.000000, 36.472671],
[36.250000, -10.916667, 36.489456],
[36.250000, -10.833333, 36.498611],
[36.250000, -10.750000, 36.501663],
[36.250000, -10.666667, 36.500137],
[36.250000, -10.583333, 36.498611],
[36.250000, -10.500000, 36.495560],
[36.250000, -10.416667, 36.495560],
[36.250000, -10.333333, 36.495560],
[36.250000, -10.250000, 36.495560],
[36.250000, -10.166667, 36.497085],
[36.250000, -10.083333, 36.498611],
[36.250000, -10.000000, 36.495560],
[36.250000, -9.916667, 36.494034],
[36.250000, -9.833333, 36.498611],
[36.250000, -9.750000, 36.501663],
[36.250000, -9.666667, 36.497085],
[36.250000, -9.583333, 36.486404],
[36.250000, -9.500000, 36.477248],
[36.250000, -9.416667, 36.471145],
[36.250000, -9.333333, 36.469619],
[36.250000, -9.250000, 36.472671],
[36.250000, -9.166667, 36.472671],
[36.250000, -9.083333, 36.468093],
[36.250000, -9.000000, 36.466567],
[36.250000, -8.916667, 36.478774],
[36.250000, -8.833333, 36.490982],
[36.250000, -8.750000, 36.487930],
[36.250000, -8.666667, 36.454360],
[36.250000, -8.583333, 36.416211],
[36.250000, -8.500000, 36.400952],
[36.250000, -8.416667, 36.402478],
[36.250000, -8.333333, 36.405530],
[36.250000, -8.250000, 36.405530],
[36.250000, -8.166667, 36.404004],
[36.250000, -8.083333, 36.400952],
[36.250000, -8.000000, 36.397900],
[36.250000, -7.916667, 36.394848],
[36.250000, -7.833333, 36.391797],
[36.250000, -7.750000, 36.388745],
[36.250000, -7.666667, 36.385693],
[36.250000, -7.583333, 36.381115],
[36.250000, -7.500000, 36.378063],
[36.250000, -7.416667, 36.376537],
[36.250000, -7.333333, 36.371960],
[36.250000, -7.250000, 36.365856],
[36.250000, -7.166667, 36.362804],
[36.250000, -7.083333, 36.356700],
[36.250000, -7.000000, 36.339915],
[36.250000, -6.916667, 36.313974],
[36.250000, -6.833333, 36.280404],
[36.250000, -6.750000, 36.230048],
[36.250000, -6.666667, 36.092715],
[36.250000, -6.583333, 35.863826],
[36.250000, -6.500000, 35.744804],
[36.250000, -6.416667, 35.781426],
[36.250000, -6.333333, 35.863826],
[36.250000, -6.250000, 35.854671],
[36.250000, -6.166667, 35.822626],
[36.250000, -6.083333, 35.726493],
[36.250000, -5.333333, 36.365856],
[36.250000, -5.250000, 36.365856],
[36.250000, -5.166667, 36.239204],
[36.250000, -5.083333, 36.170537],
[36.250000, -5.000000, 36.129337],
[36.166668, -12.000000, 36.468093],
[36.166668, -11.916667, 36.463515],
[36.166668, -11.833333, 36.460463],
[36.166668, -11.750000, 36.455885],
[36.166668, -11.666667, 36.452834],
[36.166668, -11.583333, 36.451308],
[36.166668, -11.500000, 36.449782],
[36.166668, -11.416667, 36.448256],
[36.166668, -11.333333, 36.448256],
[36.166668, -11.250000, 36.449782],
[36.166668, -11.166667, 36.449782],
[36.166668, -11.083333, 36.451308],
[36.166668, -11.000000, 36.457411],
[36.166668, -10.916667, 36.466567],
[36.166668, -10.833333, 36.478774],
[36.166668, -10.750000, 36.489456],
[36.166668, -10.666667, 36.495560],
[36.166668, -10.583333, 36.500137],
[36.166668, -10.500000, 36.500137],
[36.166668, -10.416667, 36.500137],
[36.166668, -10.333333, 36.500137],
[36.166668, -10.250000, 36.500137],
[36.166668, -10.166667, 36.498611],
[36.166668, -10.083333, 36.498611],
[36.166668, -10.000000, 36.495560],
[36.166668, -9.916667, 36.495560],
[36.166668, -9.833333, 36.500137],
[36.166668, -9.750000, 36.504715],
[36.166668, -9.666667, 36.501663],
[36.166668, -9.583333, 36.490982],
[36.166668, -9.500000, 36.478774],
[36.166668, -9.416667, 36.471145],
[36.166668, -9.333333, 36.469619],
[36.166668, -9.250000, 36.474197],
[36.166668, -9.166667, 36.477248],
[36.166668, -9.083333, 36.475722],
[36.166668, -9.000000, 36.469619],
[36.166668, -8.916667, 36.471145],
[36.166668, -8.833333, 36.483352],
[36.166668, -8.750000, 36.490982],
[36.166668, -8.666667, 36.475722],
[36.166668, -8.583333, 36.437574],
[36.166668, -8.500000, 36.410108],
[36.166668, -8.416667, 36.404004],
[36.166668, -8.333333, 36.407056],
[36.166668, -8.250000, 36.413160],
[36.166668, -8.166667, 36.417737],
[36.166668, -8.083333, 36.419263],
[36.166668, -8.000000, 36.417737],
[36.166668, -7.916667, 36.413160],
[36.166668, -7.833333, 36.411634],
[36.166668, -7.750000, 36.410108],
[36.166668, -7.666667, 36.408582],
[36.166668, -7.583333, 36.405530],
[36.166668, -7.500000, 36.400952],
[36.166668, -7.416667, 36.394848],
[36.166668, -7.333333, 36.388745],
[36.166668, -7.250000, 36.384167],
[36.166668, -7.166667, 36.379589],
[36.166668, -7.083333, 36.371960],
[36.166668, -7.000000, 36.355174],
[36.166668, -6.916667, 36.329234],
[36.166668, -6.833333, 36.295663],
[36.166668, -6.750000, 36.251411],
[36.166668, -6.666667, 36.144597],
[36.166668, -6.583333, 35.927915],
[36.166668, -6.500000, 35.808893],
[36.166668, -6.416667, 35.851619],
[36.166668, -6.333333, 35.898923],
[36.166668, -6.250000, 35.894345],
[36.166668, -6.166667, 35.895871],
[36.166668, -6.083333, 35.970641],
[36.166668, -6.000000, 36.031678],
[36.166668, -5.916667, 36.057619],
[36.166668, -5.416667, 36.268197],
[36.166668, -5.333333, 36.217841],
[36.166668, -5.250000, 36.173589],
[36.166668, -5.166667, 36.111026],
[36.166668, -5.083333, 36.080508],
[36.166668, -5.000000, 36.075930],
[36.083332, -12.000000, 36.472671],
[36.083332, -11.916667, 36.471145],
[36.083332, -11.833333, 36.469619],
[36.083332, -11.750000, 36.466567],
[36.083332, -11.666667, 36.463515],
[36.083332, -11.583333, 36.461989],
[36.083332, -11.500000, 36.460463],
[36.083332, -11.416667, 36.460463],
[36.083332, -11.333333, 36.460463],
[36.083332, -11.250000, 36.460463],
[36.083332, -11.166667, 36.460463],
[36.083332, -11.083333, 36.460463],
[36.083332, -11.000000, 36.460463],
[36.083332, -10.916667, 36.461989],
[36.083332, -10.833333, 36.465041],
[36.083332, -10.750000, 36.471145],
[36.083332, -10.666667, 36.475722],
[36.083332, -10.583333, 36.481826],
[36.083332, -10.500000, 36.486404],
[36.083332, -10.416667, 36.489456],
[36.083332, -10.333333, 36.492508],
[36.083332, -10.250000, 36.492508],
[36.083332, -10.166667, 36.492508],
[36.083332, -10.083333, 36.494034],
[36.083332, -10.000000, 36.494034],
[36.083332, -9.916667, 36.495560],
[36.083332, -9.833333, 36.501663],
[36.083332, -9.750000, 36.504715],
[36.083332, -9.666667, 36.501663],
[36.083332, -9.583333, 36.492508],
[36.083332, -9.500000, 36.478774],
[36.083332, -9.416667, 36.469619],
[36.083332, -9.333333, 36.469619],
[36.083332, -9.250000, 36.474197],
[36.083332, -9.166667, 36.480300],
[36.083332, -9.083333, 36.481826],
[36.083332, -9.000000, 36.475722],
[36.083332, -8.916667, 36.472671],
[36.083332, -8.833333, 36.478774],
[36.083332, -8.750000, 36.487930],
[36.083332, -8.666667, 36.486404],
[36.083332, -8.583333, 36.461989],
[36.083332, -8.500000, 36.431471],
[36.083332, -8.416667, 36.414685],
[36.083332, -8.333333, 36.410108],
[36.083332, -8.250000, 36.416211],
[36.083332, -8.166667, 36.423841],
[36.083332, -8.083333, 36.432997],
[36.083332, -8.000000, 36.437574],
[36.083332, -7.916667, 36.439100],
[36.083332, -7.833333, 36.439100],
[36.083332, -7.750000, 36.437574],
[36.083332, -7.666667, 36.437574],
[36.083332, -7.583333, 36.439100],
[36.083332, -7.500000, 36.437574],
[36.083332, -7.416667, 36.436048],
[36.083332, -7.333333, 36.431471],
[36.083332, -7.250000, 36.426893],
[36.083332, -7.166667, 36.419263],
[36.083332, -7.083333, 36.408582],
[36.083332, -7.000000, 36.391797],
[36.083332, -6.916667, 36.367382],
[36.083332, -6.833333, 36.321604],
[36.083332, -6.750000, 36.265145],
[36.083332, -6.666667, 36.173589],
[36.083332, -6.583333, 35.990478],
[36.083332, -6.500000, 35.872982],
[36.083332, -6.416667, 35.886715],
[36.083332, -6.333333, 35.915708],
[36.083332, -6.250000, 35.921812],
[36.083332, -6.166667, 35.912656],
[36.083332, -6.083333, 35.946226],
[36.083332, -6.000000, 35.995056],
[36.083332, -5.916667, 36.027100],
[36.083332, -5.833333, 36.048463],
[36.083332, -5.750000, 36.144597],
[36.083332, -5.416667, 36.144597],
[36.083332, -5.333333, 36.092715],
[36.083332, -5.250000, 36.071352],
[36.083332, -5.166667, 36.069826],
[36.083332, -5.083333, 36.071352],
[36.083332, -5.000000, 36.083560],
[36.000000, -12.000000, 36.465041],
[36.000000, -11.916667, 36.466567],
[36.000000, -11.833333, 36.468093],
[36.000000, -11.750000, 36.468093],
[36.000000, -11.666667, 36.466567],
[36.000000, -11.583333, 36.465041],
[36.000000, -11.500000, 36.463515],
[36.000000, -11.416667, 36.461989],
[36.000000, -11.333333, 36.460463],
[36.000000, -11.250000, 36.460463],
[36.000000, -11.166667, 36.460463],
[36.000000, -11.083333, 36.460463],
[36.000000, -11.000000, 36.461989],
[36.000000, -10.916667, 36.465041],
[36.000000, -10.833333, 36.466567],
[36.000000, -10.750000, 36.469619],
[36.000000, -10.666667, 36.472671],
[36.000000, -10.583333, 36.475722],
[36.000000, -10.500000, 36.477248],
[36.000000, -10.416667, 36.480300],
[36.000000, -10.333333, 36.483352],
[36.000000, -10.250000, 36.484878],
[36.000000, -10.166667, 36.486404],
[36.000000, -10.083333, 36.489456],
[36.000000, -10.000000, 36.492508],
[36.000000, -9.916667, 36.497085],
[36.000000, -9.833333, 36.501663],
[36.000000, -9.750000, 36.503189],
[36.000000, -9.666667, 36.500137],
[36.000000, -9.583333, 36.490982],
[36.000000, -9.500000, 36.477248],
[36.000000, -9.416667, 36.469619],
[36.000000, -9.333333, 36.469619],
[36.000000, -9.250000, 36.477248],
[36.000000, -9.166667, 36.484878],
[36.000000, -9.083333, 36.487930],
[36.000000, -9.000000, 36.481826],
[36.000000, -8.916667, 36.478774],
[36.000000, -8.833333, 36.480300],
[36.000000, -8.750000, 36.486404],
[36.000000, -8.666667, 36.489456],
[36.000000, -8.583333, 36.478774],
[36.000000, -8.500000, 36.454360],
[36.000000, -8.416667, 36.432997],
[36.000000, -8.333333, 36.422315],
[36.000000, -8.250000, 36.422315],
[36.000000, -8.166667, 36.429945],
[36.000000, -8.083333, 36.440626],
[36.000000, -8.000000, 36.449782],
[36.000000, -7.916667, 36.454360],
[36.000000, -7.833333, 36.455885],
[36.000000, -7.750000, 36.455885],
[36.000000, -7.666667, 36.455885],
[36.000000, -7.583333, 36.454360],
[36.000000, -7.500000, 36.454360],
[36.000000, -7.416667, 36.454360],
[36.000000, -7.333333, 36.455885],
[36.000000, -7.250000, 36.457411],
[36.000000, -7.166667, 36.457411],
[36.000000, -7.083333, 36.455885],
[36.000000, -7.000000, 36.448256],
[36.000000, -6.916667, 36.432997],
[36.000000, -6.833333, 36.390271],
[36.000000, -6.750000, 36.297189],
[36.000000, -6.666667, 36.228523],
[36.000000, -6.583333, 36.143071],
[36.000000, -6.500000, 36.088137],
[36.000000, -6.416667, 36.092715],
[36.000000, -6.333333, 36.091189],
[36.000000, -6.250000, 36.123234],
[36.000000, -6.166667, 36.111026],
[36.000000, -6.083333, 36.121708],
[36.000000, -6.000000, 36.159856],
[36.000000, -5.916667, 36.149174],
[36.000000, -5.833333, 36.111026],
[36.000000, -5.750000, 36.101871],
[36.000000, -5.666667, 36.085086],
[36.000000, -5.583333, 36.091189],
[36.000000, -5.500000, 36.086611],
[36.000000, -5.416667, 36.077456],
[36.000000, -5.333333, 36.072878],
[36.000000, -5.250000, 36.071352],
[36.000000, -5.166667, 36.074404],
[36.000000, -5.083333, 36.120182],
[36.000000, -5.000000, 36.278878],
[35.916668, -12.000000, 36.454360],
[35.916668, -11.916667, 36.455885],
[35.916668, -11.833333, 36.457411],
[35.916668, -11.750000, 36.458937],
[35.916668, -11.666667, 36.460463],
[35.916668, -11.583333, 36.460463],
[35.916668, -11.500000, 36.460463],
[35.916668, -11.416667, 36.460463],
[35.916668, -11.333333, 36.460463],
[35.916668, -11.250000, 36.458937],
[35.916668, -11.166667, 36.458937],
[35.916668, -11.083333, 36.458937],
[35.916668, -11.000000, 36.457411],
[35.916668, -10.916667, 36.457411],
[35.916668, -10.833333, 36.457411],
[35.916668, -10.750000, 36.458937],
[35.916668, -10.666667, 36.460463],
[35.916668, -10.583333, 36.463515],
[35.916668, -10.500000, 36.465041],
[35.916668, -10.416667, 36.468093],
[35.916668, -10.333333, 36.471145],
[35.916668, -10.250000, 36.472671],
[35.916668, -10.166667, 36.475722],
[35.916668, -10.083333, 36.478774],
[35.916668, -10.000000, 36.483352],
[35.916668, -9.916667, 36.490982],
[35.916668, -9.833333, 36.497085],
[35.916668, -9.750000, 36.500137],
[35.916668, -9.666667, 36.497085],
[35.916668, -9.583333, 36.487930],
[35.916668, -9.500000, 36.475722],
[35.916668, -9.416667, 36.466567],
[35.916668, -9.333333, 36.469619],
[35.916668, -9.250000, 36.480300],
[35.916668, -9.166667, 36.489456],
[35.916668, -9.083333, 36.492508],
[35.916668, -9.000000, 36.489456],
[35.916668, -8.916667, 36.486404],
[35.916668, -8.833333, 36.487930],
[35.916668, -8.750000, 36.489456],
[35.916668, -8.666667, 36.489456],
[35.916668, -8.583333, 36.483352],
[35.916668, -8.500000, 36.468093],
[35.916668, -8.416667, 36.449782],
[35.916668, -8.333333, 36.436048],
[35.916668, -8.250000, 36.432997],
[35.916668, -8.166667, 36.440626],
[35.916668, -8.083333, 36.449782],
[35.916668, -8.000000, 36.457411],
[35.916668, -7.916667, 36.461989],
[35.916668, -7.833333, 36.460463],
[35.916668, -7.750000, 36.458937],
[35.916668, -7.666667, 36.455885],
[35.916668, -7.583333, 36.454360],
[35.916668, -7.500000, 36.454360],
[35.916668, -7.416667, 36.458937],
[35.916668, -7.333333, 36.466567],
[35.916668, -7.250000, 36.472671],
[35.916668, -7.166667, 36.477248],
[35.916668, -7.083333, 36.475722],
[35.916668, -7.000000, 36.475722],
[35.916668, -6.916667, 36.465041],
[35.916668, -6.833333, 36.457411],
[35.916668, -6.750000, 36.391797],
[35.916668, -6.666667, 36.306345],
[35.916668, -6.583333, 36.262093],
[35.916668, -6.500000, 36.307871],
[35.916668, -6.416667, 36.281930],
[35.916668, -6.333333, 36.294137],
[35.916668, -6.250000, 36.361278],
[35.916668, -6.166667, 36.255989],
[35.916668, -6.083333, 36.275826],
[35.916668, -6.000000, 36.239204],
[35.916668, -5.916667, 36.219367],
[35.916668, -5.833333, 36.181219],
[35.916668, -5.750000, 36.092715],
[35.916668, -5.666667, 36.069826],
[35.916668, -5.583333, 36.062197],
[35.916668, -5.500000, 36.059145],
[35.916668, -5.416667, 36.059145],
[35.916668, -5.333333, 36.063723],
[35.916668, -5.250000, 36.095767],
[35.916668, -5.166667, 36.201056],
[35.916668, -5.083333, 36.387219],
[35.916668, -5.000000, 36.436048],
[35.833332, -12.000000, 36.437574],
[35.833332, -11.916667, 36.440626],
[35.833332, -11.833333, 36.442152],
[35.833332, -11.750000, 36.445204],
[35.833332, -11.666667, 36.448256],
[35.833332, -11.583333, 36.451308],
[35.833332, -11.500000, 36.454360],
[35.833332, -11.416667, 36.455885],
[35.833332, -11.333333, 36.457411],
[35.833332, -11.250000, 36.458937],
[35.833332, -11.166667, 36.458937],
[35.833332, -11.083333, 36.458937],
[35.833332, -11.000000, 36.458937],
[35.833332, -10.916667, 36.458937],
[35.833332, -10.833333, 36.457411],
[35.833332, -10.750000, 36.454360],
[35.833332, -10.666667, 36.452834],
[35.833332, -10.583333, 36.451308],
[35.833332, -10.500000, 36.452834],
[35.833332, -10.416667, 36.452834],
[35.833332, -10.333333, 36.455885],
[35.833332, -10.250000, 36.458937],
[35.833332, -10.166667, 36.461989],
[35.833332, -10.083333, 36.463515],
[35.833332, -10.000000, 36.466567],
[35.833332, -9.916667, 36.472671],
[35.833332, -9.833333, 36.481826],
[35.833332, -9.750000, 36.489456],
[35.833332, -9.666667, 36.490982],
[35.833332, -9.583333, 36.484878],
[35.833332, -9.500000, 36.472671],
[35.833332, -9.416667, 36.466567],
[35.833332, -9.333333, 36.472671],
[35.833332, -9.250000, 36.484878],
[35.833332, -9.166667, 36.495560],
[35.833332, -9.083333, 36.501663],
[35.833332, -9.000000, 36.501663],
[35.833332, -8.916667, 36.500137],
[35.833332, -8.833333, 36.500137],
[35.833332, -8.750000, 36.497085],
[35.833332, -8.666667, 36.492508],
[35.833332, -8.583333, 36.486404],
[35.833332, -8.500000, 36.475722],
[35.833332, -8.416667, 36.461989],
[35.833332, -8.333333, 36.451308],
[35.833332, -8.250000, 36.449782],
[35.833332, -8.166667, 36.454360],
[35.833332, -8.083333, 36.460463],
[35.833332, -8.000000, 36.463515],
[35.833332, -7.916667, 36.460463],
[35.833332, -7.833333, 36.455885],
[35.833332, -7.750000, 36.451308],
[35.833332, -7.666667, 36.449782],
[35.833332, -7.583333, 36.454360],
[35.833332, -7.500000, 36.465041],
[35.833332, -7.416667, 36.478774],
[35.833332, -7.333333, 36.490982],
[35.833332, -7.250000, 36.498611],
[35.833332, -7.166667, 36.501663],
[35.833332, -7.083333, 36.503189],
[35.833332, -7.000000, 36.500137],
[35.833332, -6.916667, 36.495560],
[35.833332, -6.833333, 36.483352],
[35.833332, -6.750000, 36.465041],
[35.833332, -6.666667, 36.426893],
[35.833332, -6.583333, 36.384167],
[35.833332, -6.500000, 36.384167],
[35.833332, -6.416667, 36.400952],
[35.833332, -6.333333, 36.411634],
[35.833332, -6.250000, 36.405530],
[35.833332, -6.166667, 36.411634],
[35.833332, -6.083333, 36.373485],
[35.833332, -6.000000, 36.164434],
[35.833332, -5.916667, 36.089663],
[35.833332, -5.833333, 36.127811],
[35.833332, -5.750000, 36.152226],
[35.833332, -5.333333, 36.234626],
[35.833332, -5.250000, 36.205634],
[35.833332, -5.166667, 36.355174],
[35.833332, -5.083333, 36.512345],
[35.833332, -5.000000, 36.472671],
[35.750000, -12.000000, 36.414685],
[35.750000, -11.916667, 36.419263],
[35.750000, -11.833333, 36.423841],
[35.750000, -11.750000, 36.428419],
[35.750000, -11.666667, 36.434523],
[35.750000, -11.583333, 36.439100],
[35.750000, -11.500000, 36.443678],
[35.750000, -11.416667, 36.448256],
[35.750000, -11.333333, 36.449782],
[35.750000, -11.250000, 36.452834],
[35.750000, -11.166667, 36.454360],
[35.750000, -11.083333, 36.455885],
[35.750000, -11.000000, 36.457411],
[35.750000, -10.916667, 36.455885],
[35.750000, -10.833333, 36.455885],
[35.750000, -10.750000, 36.454360],
[35.750000, -10.666667, 36.452834],
[35.750000, -10.583333, 36.449782],
[35.750000, -10.500000, 36.449782],
[35.750000, -10.416667, 36.454360],
[35.750000, -10.333333, 36.460463],
[35.750000, -10.250000, 36.466567],
[35.750000, -10.166667, 36.469619],
[35.750000, -10.083333, 36.469619],
[35.750000, -10.000000, 36.466567],
[35.750000, -9.916667, 36.465041],
[35.750000, -9.833333, 36.468093],
[35.750000, -9.750000, 36.475722],
[35.750000, -9.666667, 36.481826],
[35.750000, -9.583333, 36.478774],
[35.750000, -9.500000, 36.468093],
[35.750000, -9.416667, 36.465041],
[35.750000, -9.333333, 36.475722],
[35.750000, -9.250000, 36.490982],
[35.750000, -9.166667, 36.504715],
[35.750000, -9.083333, 36.512345],
[35.750000, -9.000000, 36.515397],
[35.750000, -8.916667, 36.515397],
[35.750000, -8.833333, 36.513871],
[35.750000, -8.750000, 36.509293],
[35.750000, -8.666667, 36.498611],
[35.750000, -8.583333, 36.489456],
[35.750000, -8.500000, 36.480300],
[35.750000, -8.416667, 36.471145],
[35.750000, -8.333333, 36.463515],
[35.750000, -8.250000, 36.461989],
[35.750000, -8.166667, 36.463515],
[35.750000, -8.083333, 36.463515],
[35.750000, -8.000000, 36.458937],
[35.750000, -7.916667, 36.451308],
[35.750000, -7.833333, 36.446730],
[35.750000, -7.750000, 36.446730],
[35.750000, -7.666667, 36.457411],
[35.750000, -7.583333, 36.475722],
[35.750000, -7.500000, 36.494034],
[35.750000, -7.416667, 36.504715],
[35.750000, -7.333333, 36.512345],
[35.750000, -7.250000, 36.515397],
[35.750000, -7.166667, 36.516922],
[35.750000, -7.083333, 36.516922],
[35.750000, -7.000000, 36.518448],
[35.750000, -6.916667, 36.519974],
[35.750000, -6.833333, 36.513871],
[35.750000, -6.750000, 36.506241],
[35.750000, -6.666667, 36.492508],
[35.750000, -6.583333, 36.475722],
[35.750000, -6.500000, 36.458937],
[35.750000, -6.416667, 36.457411],
[35.750000, -6.333333, 36.446730],
[35.750000, -6.250000, 36.425367],
[35.750000, -6.166667, 36.387219],
[35.750000, -6.083333, 36.280404],
[35.750000, -6.000000, 36.170537],
[35.750000, -5.916667, 36.121708],
[35.750000, -5.333333, 36.275826],
[35.750000, -5.250000, 36.222419],
[35.750000, -5.166667, 36.359752],
[35.750000, -5.083333, 36.495560],
[35.750000, -5.000000, 36.515397],
[35.666668, -12.000000, 36.388745],
[35.666668, -11.916667, 36.394848],
[35.666668, -11.833333, 36.402478],
[35.666668, -11.750000, 36.410108],
[35.666668, -11.666667, 36.419263],
[35.666668, -11.583333, 36.426893],
[35.666668, -11.500000, 36.434523],
[35.666668, -11.416667, 36.440626],
[35.666668, -11.333333, 36.446730],
[35.666668, -11.250000, 36.451308],
[35.666668, -11.166667, 36.454360],
[35.666668, -11.083333, 36.455885],
[35.666668, -11.000000, 36.455885],
[35.666668, -10.916667, 36.454360],
[35.666668, -10.833333, 36.451308],
[35.666668, -10.750000, 36.448256],
[35.666668, -10.666667, 36.445204],
[35.666668, -10.583333, 36.445204],
[35.666668, -10.500000, 36.452834],
[35.666668, -10.416667, 36.466567],
[35.666668, -10.333333, 36.481826],
[35.666668, -10.250000, 36.492508],
[35.666668, -10.166667, 36.495560],
[35.666668, -10.083333, 36.490982],
[35.666668, -10.000000, 36.480300],
[35.666668, -9.916667, 36.471145],
[35.666668, -9.833333, 36.466567],
[35.666668, -9.750000, 36.468093],
[35.666668, -9.666667, 36.472671],
[35.666668, -9.583333, 36.471145],
[35.666668, -9.500000, 36.463515],
[35.666668, -9.416667, 36.468093],
[35.666668, -9.333333, 36.483352],
[35.666668, -9.250000, 36.501663],
[35.666668, -9.166667, 36.515397],
[35.666668, -9.083333, 36.524552],
[35.666668, -9.000000, 36.529130],
[35.666668, -8.916667, 36.529130],
[35.666668, -8.833333, 36.527604],
[35.666668, -8.750000, 36.519974],
[35.666668, -8.666667, 36.506241],
[35.666668, -8.583333, 36.492508],
[35.666668, -8.500000, 36.481826],
[35.666668, -8.416667, 36.475722],
[35.666668, -8.333333, 36.469619],
[35.666668, -8.250000, 36.468093],
[35.666668, -8.166667, 36.468093],
[35.666668, -8.083333, 36.461989],
[35.666668, -8.000000, 36.454360],
[35.666668, -7.916667, 36.446730],
[35.666668, -7.833333, 36.445204],
[35.666668, -7.750000, 36.455885],
[35.666668, -7.666667, 36.475722],
[35.666668, -7.583333, 36.495560],
[35.666668, -7.500000, 36.506241],
[35.666668, -7.416667, 36.510819],
[35.666668, -7.333333, 36.513871],
[35.666668, -7.250000, 36.515397],
[35.666668, -7.166667, 36.516922],
[35.666668, -7.083333, 36.519974],
[35.666668, -7.000000, 36.524552],
[35.666668, -6.916667, 36.527604],
[35.666668, -6.833333, 36.529130],
[35.666668, -6.750000, 36.527604],
[35.666668, -6.666667, 36.516922],
[35.666668, -6.583333, 36.501663],
[35.666668, -6.500000, 36.480300],
[35.666668, -6.416667, 36.461989],
[35.666668, -6.333333, 36.428419],
[35.666668, -6.250000, 36.390271],
[35.666668, -6.166667, 36.329234],
[35.666668, -6.083333, 36.259041],
[35.666668, -6.000000, 36.208686],
[35.666668, -5.916667, 36.155278],
[35.666668, -5.250000, 36.263619],
[35.666668, -5.166667, 36.294137],
[35.666668, -5.083333, 36.451308],
[35.666668, -5.000000, 36.593219],
[35.583332, -12.000000, 36.356700],
[35.583332, -11.916667, 36.362804],
[35.583332, -11.833333, 36.368908],
[35.583332, -11.750000, 36.379589],
[35.583332, -11.666667, 36.388745],
[35.583332, -11.583333, 36.399426],
[35.583332, -11.500000, 36.410108],
[35.583332, -11.416667, 36.419263],
[35.583332, -11.333333, 36.426893],
[35.583332, -11.250000, 36.431471],
[35.583332, -11.166667, 36.436048],
[35.583332, -11.083333, 36.437574],
[35.583332, -11.000000, 36.439100],
[35.583332, -10.916667, 36.439100],
[35.583332, -10.833333, 36.439100],
[35.583332, -10.750000, 36.440626],
[35.583332, -10.666667, 36.446730],
[35.583332, -10.583333, 36.457411],
[35.583332, -10.500000, 36.478774],
[35.583332, -10.416667, 36.506241],
[35.583332, -10.333333, 36.529130],
[35.583332, -10.250000, 36.539811],
[35.583332, -10.166667, 36.538285],
[35.583332, -10.083333, 36.527604],
[35.583332, -10.000000, 36.509293],
[35.583332, -9.916667, 36.489456],
[35.583332, -9.833333, 36.474197],
[35.583332, -9.750000, 36.468093],
[35.583332, -9.666667, 36.468093],
[35.583332, -9.583333, 36.465041],
[35.583332, -9.500000, 36.465041],
[35.583332, -9.416667, 36.475722],
[35.583332, -9.333333, 36.494034],
[35.583332, -9.250000, 36.513871],
[35.583332, -9.166667, 36.527604],
[35.583332, -9.083333, 36.535234],
[35.583332, -9.000000, 36.536760],
[35.583332, -8.916667, 36.536760],
[35.583332, -8.833333, 36.535234],
[35.583332, -8.750000, 36.527604],
[35.583332, -8.666667, 36.512345],
[35.583332, -8.583333, 36.495560],
[35.583332, -8.500000, 36.484878],
[35.583332, -8.416667, 36.477248],
[35.583332, -8.333333, 36.474197],
[35.583332, -8.250000, 36.471145],
[35.583332, -8.166667, 36.469619],
[35.583332, -8.083333, 36.465041],
[35.583332, -8.000000, 36.455885],
[35.583332, -7.916667, 36.449782],
[35.583332, -7.833333, 36.451308],
[35.583332, -7.750000, 36.465041],
[35.583332, -7.666667, 36.483352],
[35.583332, -7.583333, 36.498611],
[35.583332, -7.500000, 36.506241],
[35.583332, -7.416667, 36.510819],
[35.583332, -7.333333, 36.513871],
[35.583332, -7.250000, 36.516922],
[35.583332, -7.166667, 36.519974],
[35.583332, -7.083333, 36.524552],
[35.583332, -7.000000, 36.530656],
[35.583332, -6.916667, 36.535234],
[35.583332, -6.833333, 36.536760],
[35.583332, -6.750000, 36.535234],
[35.583332, -6.666667, 36.521500],
[35.583332, -6.583333, 36.500137],
[35.583332, -6.500000, 36.474197],
[35.583332, -6.416667, 36.448256],
[35.583332, -6.333333, 36.408582],
[35.583332, -6.250000, 36.349071],
[35.583332, -6.166667, 36.281930],
[35.583332, -6.083333, 36.268197],
[35.583332, -6.000000, 36.233100],
[35.583332, -5.166667, 36.306345],
[35.583332, -5.083333, 36.344493],
[35.583332, -5.000000, 36.490982],
[35.500000, -12.000000, 36.359752],
[35.500000, -11.916667, 36.365856],
[35.500000, -11.833333, 36.370434],
[35.500000, -11.750000, 36.379589],
[35.500000, -11.666667, 36.388745],
[35.500000, -11.583333, 36.399426],
[35.500000, -11.500000, 36.408582],
[35.500000, -11.416667, 36.417737],
[35.500000, -11.333333, 36.425367],
[35.500000, -11.250000, 36.432997],
[35.500000, -11.166667, 36.437574],
[35.500000, -11.083333, 36.443678],
[35.500000, -11.000000, 36.448256],
[35.500000, -10.916667, 36.452834],
[35.500000, -10.833333, 36.461989],
[35.500000, -10.750000, 36.471145],
[35.500000, -10.666667, 36.483352],
[35.500000, -10.583333, 36.501663],
[35.500000, -10.500000, 36.527604],
[35.500000, -10.416667, 36.558122],
[35.500000, -10.333333, 36.577959],
[35.500000, -10.250000, 36.581011],
[35.500000, -10.166667, 36.571856],
[35.500000, -10.083333, 36.555071],
[35.500000, -10.000000, 36.532182],
[35.500000, -9.916667, 36.507767],
[35.500000, -9.833333, 36.487930],
[35.500000, -9.750000, 36.474197],
[35.500000, -9.666667, 36.469619],
[35.500000, -9.583333, 36.466567],
[35.500000, -9.500000, 36.474197],
[35.500000, -9.416667, 36.490982],
[35.500000, -9.333333, 36.513871],
[35.500000, -9.250000, 36.530656],
[35.500000, -9.166667, 36.539811],
[35.500000, -9.083333, 36.541337],
[35.500000, -9.000000, 36.539811],
[35.500000, -8.916667, 36.538285],
[35.500000, -8.833333, 36.536760],
[35.500000, -8.750000, 36.530656],
[35.500000, -8.666667, 36.516922],
[35.500000, -8.583333, 36.500137],
[35.500000, -8.500000, 36.486404],
[35.500000, -8.416667, 36.480300],
[35.500000, -8.333333, 36.477248],
[35.500000, -8.250000, 36.477248],
[35.500000, -8.166667, 36.478774],
[35.500000, -8.083333, 36.475722],
[35.500000, -8.000000, 36.471145],
[35.500000, -7.916667, 36.463515],
[35.500000, -7.833333, 36.460463],
[35.500000, -7.750000, 36.468093],
[35.500000, -7.666667, 36.481826],
[35.500000, -7.583333, 36.495560],
[35.500000, -7.500000, 36.503189],
[35.500000, -7.416667, 36.507767],
[35.500000, -7.333333, 36.510819],
[35.500000, -7.250000, 36.513871],
[35.500000, -7.166667, 36.518448],
[35.500000, -7.083333, 36.524552],
[35.500000, -7.000000, 36.532182],
[35.500000, -6.916667, 36.538285],
[35.500000, -6.833333, 36.541337],
[35.500000, -6.750000, 36.535234],
[35.500000, -6.666667, 36.519974],
[35.500000, -6.583333, 36.497085],
[35.500000, -6.500000, 36.471145],
[35.500000, -6.416667, 36.431471],
[35.500000, -6.333333, 36.341441],
[35.500000, -6.250000, 36.198004],
[35.500000, -6.166667, 36.121708],
[35.500000, -6.083333, 36.133915],
[35.500000, -6.000000, 36.049989],
[35.500000, -5.083333, 36.301767],
[35.500000, -5.000000, 36.329234],
]